PSP,DSP,DSP_like,ASP,Dinophysis caudata,Dinophysis fortii,Phalacroma rotundatum,Dinophysis sacculus,Dinophysis tripos,sun [h],air temp,wind strength,precipitation,salinity,T,O2,pH,Soca,lipophylic_toxins,date_1,date_2,date_3,date_4,date_5,date_6,date_7,date_8,date_9,date_10,date_11,date_12
81.0,2.0,,,0.0,0.0,0.0,0.0,0.0,214.50000000000003,24.23333333333333,2.9666666666666663,10.8,36.0,26.28,262.149993896484,8.17000007629395,1945.4460000000001,poz,0,0,0,0,0,0,1,0,0,0,0,0
54.0,26.0,,,2.0,2.0,20.0,2.0,0.0,232.29999999999998,24.952380952380953,3.0952380952380953,8.3,36.17,26.88,261.709991455078,8.15999984741211,1665.0630000000003,poz,0,0,0,0,0,0,1,0,0,0,0,0
0.0,4.0,,,0.0,2.0,2.0,0.0,0.0,229.29999999999998,24.714285714285715,3.157142857142857,12.0,35.7,25.38,269.299987792969,8.11999988555908,1358.9479999999996,poz,0,0,0,0,0,0,1,0,0,0,0,0
218.0,26.0,,,0.0,4.0,18.0,0.0,0.0,232.80000000000004,25.438095238095237,3.1523809523809527,5.200000000000001,36.71,24.16,245.630004882813,8.14999961853027,1169.2980000000002,poz,0,0,0,0,0,0,0,1,0,0,0,0
0.0,10.0,,,0.0,5.0,5.0,0.0,0.0,224.5,24.804761904761904,3.3999999999999995,19.7,36.98,24.91,238.929992675781,8.14000034332275,1285.55,neg,0,0,0,0,0,0,0,1,0,0,0,0
0.0,9.0,,,0.0,2.0,5.0,0.0,0.0,202.40000000000003,21.833333333333332,3.1380952380952385,113.6,36.13,26.39,220.169998168945,8.1899995803833,1585.8790000000001,neg,0,0,0,0,0,0,0,0,1,0,0,0
0.0,0.0,,,0.0,0.0,0.0,0.0,0.0,157.4,19.447619047619046,3.8095238095238093,99.6,36.45,26.6,195.160003662109,8.17000007629395,3276.186,neg,0,0,0,0,0,0,0,0,1,0,0,0
64.0,11.0,,,2.0,0.0,0.0,2.0,0.0,196.49999999999997,21.704761904761902,2.9095238095238094,33.7,35.77,23.81,240.270004272461,8.13000011444092,814.3430000000001,poz,0,0,0,0,0,0,0,1,0,0,0,0
0.0,34.0,,,0.0,21.0,0.0,0.0,0.0,152.1,17.814285714285713,3.4952380952380957,89.20000000000002,36.43,21.43,175.509994506836,8.11999988555908,2693.038,poz,0,0,0,0,0,0,0,0,1,0,0,0
0.0,169.0,,,18.0,20.0,0.0,54.0,0.0,152.1,17.814285714285713,3.4952380952380957,89.20000000000002,36.49,21.31,204.539993286133,8.11999988555908,2693.038,poz,0,0,0,0,0,0,0,0,1,0,0,0
0.0,138.0,,,101.0,26.0,3.0,0.0,3.0,121.4,15.890476190476193,3.4142857142857146,65.8,36.49,21.31,204.539993286133,8.11999988555908,5838.813,neg,0,0,0,0,0,0,0,0,0,1,0,0
0.0,85.0,,,61.0,22.0,0.0,0.0,0.0,121.4,15.890476190476193,3.4142857142857146,65.8,36.43,21.43,175.509994506836,8.11999988555908,5838.813,neg,0,0,0,0,0,0,0,0,0,1,0,0
0.0,3.0,,,0.0,3.0,0.0,0.0,0.0,135.3,15.195238095238096,2.8666666666666667,15.299999999999999,36.55,19.98,245.179992675781,8.0600004196167,3894.1389999999997,neg,0,0,0,0,0,0,0,0,0,1,0,0
0.0,3.0,,,3.0,0.0,0.0,0.0,0.0,135.3,15.195238095238096,2.8666666666666667,15.299999999999999,36.71,20.13,233.130004882813,8.03999996185303,3894.1389999999997,neg,0,0,0,0,0,0,0,0,0,1,0,0
0.0,140.0,,,131.0,3.0,3.0,0.0,0.0,188.79999999999998,20.538095238095234,2.9476190476190474,21.0,,,,,1472.6110000000003,poz,0,0,0,0,0,0,0,0,1,0,0,0
42.0,6.0,,,6.0,0.0,0.0,0.0,0.0,188.79999999999998,20.538095238095234,2.9476190476190474,21.0,,,,,1472.6110000000003,poz,0,0,0,0,0,0,0,0,1,0,0,0
0.0,216.0,,,92.0,111.0,13.0,0.0,0.0,103.40000000000002,14.77142857142857,2.704761904761905,219.9,37.39,21.73,227.770004272461,8.09000015258789,1852.896,poz,0,0,0,0,0,0,0,0,1,0,0,0
86.0,228.0,,,0.0,222.0,6.0,0.0,0.0,103.40000000000002,14.77142857142857,2.704761904761905,219.9,37.53,21.68,217.490005493164,8.06999969482422,1852.896,poz,0,0,0,0,0,0,0,0,1,0,0,0
0.0,17.0,,,5.0,12.0,0.0,0.0,0.0,92.00000000000001,15.523809523809524,2.7,213.70000000000002,36.38,19.78,216.149993896484,8.02999973297119,3328.411000000001,neg,0,0,0,0,0,0,0,0,0,1,0,0
0.0,0.0,,,0.0,0.0,0.0,0.0,0.0,92.00000000000001,15.523809523809524,2.7,213.70000000000002,36.57,20.2,213.029998779297,8.05000019073486,3328.411000000001,neg,0,0,0,0,0,0,0,0,0,1,0,0
0.0,2.0,,,0.0,0.0,2.0,0.0,0.0,93.8,14.92380952380952,2.9619047619047625,64.80000000000001,36.38,19.78,216.149993896484,8.02999973297119,4898.58,neg,0,0,0,0,0,0,0,0,0,1,0,0
0.0,0.0,,,0.0,0.0,0.0,0.0,0.0,93.8,14.92380952380952,2.9619047619047625,64.80000000000001,36.57,20.2,213.029998779297,8.05000019073486,4898.58,neg,0,0,0,0,0,0,0,0,0,1,0,0
0.0,0.0,,,0.0,0.0,0.0,0.0,0.0,99.4,13.933333333333332,2.8666666666666667,51.300000000000004,36.01,17.8,239.380004882813,8.05000019073486,4747.222,neg,0,0,0,0,0,0,0,0,0,1,0,0
0.0,0.0,,,0.0,0.0,0.0,0.0,0.0,99.4,13.933333333333332,2.8666666666666667,51.300000000000004,35.38,17.27,240.720001220703,8.06999969482422,4747.222,neg,0,0,0,0,0,0,0,0,0,1,0,0
162.0,55.0,200.0,,0.0,0.0,5.0,50.0,0.0,187.59999999999997,21.52857142857143,2.8333333333333335,54.6,33.75,23.2,,,2498.0260000000003,poz,0,0,0,0,0,1,0,0,0,0,0,0
173.0,96.0,2920.0,,0.0,0.0,0.0,96.0,0.0,187.59999999999997,21.52857142857143,2.8333333333333335,54.6,34.25,22.4,,,2498.0260000000003,poz,0,0,0,0,0,1,0,0,0,0,0,0
328.0,18.0,37.0,,0.0,9.0,9.0,0.0,0.0,189.20000000000002,21.30952380952381,3.2142857142857144,73.8,34.25,22.4,,,3074.1939999999995,poz,0,0,0,0,0,0,1,0,0,0,0,0
0.0,64.0,0.0,,9.0,46.0,9.0,0.0,0.0,189.20000000000002,21.30952380952381,3.2142857142857144,73.8,33.75,23.2,,,3074.1939999999995,poz,0,0,0,0,0,0,1,0,0,0,0,0
,26.0,0.0,,13.0,13.0,0.0,0.0,0.0,213.20000000000005,21.41428571428571,3.0142857142857147,77.19999999999997,35.0,22.3,,,3016.5229999999997,poz,0,0,0,0,0,0,1,0,0,0,0,0
0.0,13.0,0.0,,0.0,0.0,0.0,13.0,0.0,213.20000000000005,21.41428571428571,3.0142857142857147,77.19999999999997,35.0,21.8,,,3016.5229999999997,poz,0,0,0,0,0,0,1,0,0,0,0,0
0.0,46.0,0.0,,5.0,36.0,5.0,0.0,0.0,198.6,19.15714285714286,3.357142857142857,37.3,34.75,25.7,,,2079.4180000000006,neg,0,0,0,0,0,0,0,0,1,0,0,0
80.0,204.0,0.0,,84.0,116.0,4.0,0.0,0.0,198.6,19.15714285714286,3.357142857142857,37.3,34.75,25.8,,,2079.4180000000006,neg,0,0,0,0,0,0,0,0,1,0,0,0
0.0,77.0,0.0,,36.0,27.0,9.0,0.0,0.0,185.20000000000002,16.17142857142857,3.142857142857143,0.0,35.3,21.9,204.990005493164,8.0600004196167,1905.1640000000002,neg,0,0,0,0,0,0,0,0,0,1,0,0
82.0,87.0,0.0,,59.0,23.0,0.0,5.0,0.0,185.20000000000002,16.17142857142857,3.142857142857143,0.0,35.49,22.13,204.990005493164,8.11999988555908,1905.1640000000002,neg,0,0,0,0,0,0,0,0,0,1,0,0
409.0,250.0,0.0,,145.0,82.0,9.0,9.0,0.0,113.7,16.14761904761905,3.080952380952381,11.6,36.0,21.8,,,1232.003,neg,0,0,0,0,0,0,0,0,0,1,0,0
259.0,96.0,0.0,,72.0,14.0,0.0,10.0,0.0,113.7,16.14761904761905,3.080952380952381,11.6,36.0,20.8,,,1232.003,neg,0,0,0,0,0,0,0,0,0,1,0,0
0.0,16.0,20.0,,12.0,0.0,4.0,0.0,0.0,122.20000000000002,17.104761904761904,2.2523809523809524,36.2,36.47,12.38,264.829986572266,8.06999969482422,4675.560999999999,neg,0,0,0,0,1,0,0,0,0,0,0,0
117.0,5.0,0.0,,0.0,0.0,0.0,5.0,0.0,122.20000000000002,17.104761904761904,2.2523809523809524,36.2,36.84,11.36,264.829986572266,8.10000038146973,4675.560999999999,neg,0,0,0,0,1,0,0,0,0,0,0,0
386.0,5.0,5.0,,0.0,0.0,5.0,0.0,0.0,176.89999999999998,19.1,2.3857142857142857,47.900000000000006,36.3,19.29,229.110000610352,8.05000019073486,3393.551,neg,0,0,0,0,0,1,0,0,0,0,0,0
89.0,142.0,44.0,,0.0,0.0,18.0,124.0,0.0,176.89999999999998,19.1,2.3857142857142857,47.900000000000006,36.65,18.39,232.229995727539,8.07999992370605,3393.551,neg,0,0,0,0,0,1,0,0,0,0,0,0
426.0,407.0,19.0,,0.0,0.0,9.0,398.0,0.0,223.70000000000005,21.73809523809524,2.7047619047619054,54.8,36.3,19.29,229.110000610352,8.05000019073486,2680.291999999999,neg,0,0,0,0,0,1,0,0,0,0,0,0
9.0,19.0,19.0,,0.0,0.0,14.0,5.0,0.0,223.70000000000005,21.73809523809524,2.7047619047619054,54.8,36.65,18.39,232.229995727539,8.07999992370605,2680.291999999999,neg,0,0,0,0,0,1,0,0,0,0,0,0
0.0,0.0,0.0,,0.0,0.0,0.0,0.0,0.0,189.80000000000004,19.980952380952385,2.7142857142857144,94.99999999999999,34.9199981689453,24.7700004577637,,8.18000030517578,1798.4090000000008,neg,0,0,0,0,0,1,0,0,0,0,0,0
88.0,14.0,0.0,,9.0,0.0,5.0,0.0,0.0,189.80000000000004,19.980952380952385,2.7142857142857144,94.99999999999999,35.3400001525879,24.5300006866455,,8.06999969482422,1798.4090000000008,neg,0,0,0,0,0,1,0,0,0,0,0,0
5.0,15.0,5.0,,0.0,0.0,10.0,5.0,0.0,213.00000000000003,22.314285714285717,2.8142857142857145,11.799999999999999,35.97,22.55,214.809997558594,8.06999969482422,1274.9560000000004,neg,0,0,0,0,0,0,1,0,0,0,0,0
83.0,55.0,0.0,,37.0,0.0,9.0,9.0,0.0,213.00000000000003,22.314285714285717,2.8142857142857145,11.799999999999999,36.11,22.79,217.050003051758,8.09000015258789,1274.9560000000004,neg,0,0,0,0,0,0,1,0,0,0,0,0
0.0,5.0,18.0,,0.0,0.0,5.0,0.0,0.0,197.2,22.885714285714286,3.1904761904761907,26.9,37.4199981689453,22.7199993133545,,8.07999992370605,980.262,neg,0,0,0,0,0,0,1,0,0,0,0,0
86.0,41.0,0.0,,27.0,0.0,14.0,0.0,0.0,197.2,22.885714285714286,3.1904761904761907,26.9,37.2299995422363,22.6000003814697,,8.07999992370605,980.262,neg,0,0,0,0,0,0,1,0,0,0,0,0
0.0,5.0,0.0,,0.0,0.0,5.0,0.0,0.0,218.50000000000003,23.804761904761907,3.223809523809524,18.9,36.91,23.6,196.949996948242,8.09000015258789,970.561,neg,0,0,0,0,0,0,0,1,0,0,0,0
0.0,11.0,5.0,,11.0,0.0,0.0,0.0,0.0,218.50000000000003,23.804761904761907,3.223809523809524,18.9,37.41,22.99,201.419998168945,8.0600004196167,970.561,neg,0,0,0,0,0,0,0,1,0,0,0,0
0.0,10.0,0.0,,10.0,0.0,0.0,0.0,0.0,186.79999999999998,23.83809523809524,2.942857142857143,10.899999999999999,37.2799987792969,23.0100002288818,,8.03999996185303,1478.9259999999997,neg,0,0,0,0,0,0,0,1,0,0,0,0
0.0,10.0,0.0,,5.0,0.0,5.0,0.0,0.0,186.79999999999998,23.83809523809524,2.942857142857143,10.899999999999999,37.310001373291,22.0499992370605,,8.05000019073486,1478.9259999999997,neg,0,0,0,0,0,0,0,1,0,0,0,0
0.0,134.0,0.0,,130.0,4.0,0.0,0.0,0.0,154.9,22.55238095238095,2.8904761904761904,26.9,37.4700012207031,25.6399993896484,,8.14000034332275,1537.625,neg,0,0,0,0,0,0,0,0,1,0,0,0
0.0,57.0,4.0,,44.0,0.0,4.0,9.0,0.0,154.9,22.55238095238095,2.8904761904761904,26.9,37.5200004577637,25.5699996948242,,8.14999961853027,1537.625,neg,0,0,0,0,0,0,0,0,1,0,0,0
0.0,34.0,5.0,,24.0,0.0,5.0,0.0,0.0,147.60000000000002,21.56190476190476,2.9095238095238094,22.700000000000003,37.5200004577637,25.5699996948242,,8.14999961853027,1577.04,neg,0,0,0,0,0,0,0,0,1,0,0,0
5.0,28.0,0.0,,19.0,0.0,9.0,0.0,0.0,147.60000000000002,21.56190476190476,2.9095238095238094,22.700000000000003,37.4700012207031,25.6399993896484,,8.14000034332275,1577.04,neg,0,0,0,0,0,0,0,0,1,0,0,0
157.0,61.0,0.0,,26.0,13.0,22.0,0.0,0.0,167.5,20.952380952380956,3.0095238095238095,22.0,36.52,24.41,178.639999389648,8.05000019073486,1524.7590000000002,neg,0,0,0,0,0,0,0,0,1,0,0,0
0.0,26.0,13.0,,22.0,0.0,4.0,0.0,0.0,167.5,20.952380952380956,3.0095238095238095,22.0,36.48,24.83,182.210006713867,8.09000015258789,1524.7590000000002,neg,0,0,0,0,0,0,0,0,1,0,0,0
83.0,60.0,5.0,,5.0,0.0,55.0,0.0,0.0,174.70000000000002,20.30952380952381,3.2571428571428576,39.2,37.4700012207031,23.1000003814697,,8.03999996185303,1397.4300000000003,neg,0,0,0,0,0,0,0,0,1,0,0,0
95.0,18.0,0.0,,0.0,9.0,9.0,0.0,0.0,132.50000000000003,19.03333333333333,3.528571428571429,67.2,37.5099983215332,22.6499996185303,,8.09000015258789,2150.4809999999998,neg,0,0,0,0,0,0,0,0,0,1,0,0
0.0,73.0,0.0,,0.0,55.0,18.0,0.0,0.0,132.50000000000003,19.03333333333333,3.528571428571429,67.2,37.4599990844727,22.5100002288818,,8.14999961853027,2150.4809999999998,poz,0,0,0,0,0,0,0,0,0,1,0,0
0.0,96.0,0.0,,5.0,0.0,14.0,77.0,0.0,143.1,16.728571428571428,3.4380952380952374,35.5,37.47,22.81,197.399993896484,8.06999969482422,2503.171,neg,0,0,0,0,0,0,0,0,0,1,0,0
109.0,50.0,0.0,,0.0,27.0,23.0,0.0,0.0,143.1,16.728571428571428,3.4380952380952374,35.5,37.36,22.56,180.429992675781,8.05000019073486,2503.171,poz,0,0,0,0,0,0,0,0,0,1,0,0
0.0,30.0,0.0,,0.0,25.0,5.0,0.0,0.0,107.89999999999999,13.52857142857143,3.1333333333333333,31.3,36.8699989318848,22.6900005340576,,8.09000015258789,2659.9690000000005,poz,0,0,0,0,0,0,0,0,0,1,0,0
0.0,37.0,0.0,,5.0,23.0,9.0,0.0,0.0,95.99999999999999,14.00952380952381,2.9952380952380957,60.699999999999996,35.8199996948242,22.7600002288818,,8.14999961853027,4149.313999999999,poz,0,0,0,0,0,0,0,0,0,1,0,0
,18.0,0.0,,0.0,9.0,9.0,0.0,0.0,46.8,11.276190476190475,2.452380952380952,63.599999999999994,37.5299987792969,18.8099994659424,,8.06999969482422,3813.1899999999996,poz,0,0,0,0,0,0,0,0,0,0,1,0
,0.0,0.0,,0.0,0.0,0.0,0.0,0.0,43.400000000000006,10.79047619047619,2.6714285714285717,93.3,37.5800018310547,19.1900005340576,,8.10999965667725,3829.6909999999993,neg,0,0,0,0,0,0,0,0,0,0,1,0
0.0,0.0,0.0,,0.0,0.0,0.0,0.0,0.0,222.99999999999997,19.071428571428573,2.952380952380952,27.599999999999998,35.5299987792969,,195.470001220703,,2729.1700000000005,neg,0,0,0,0,0,1,0,0,0,0,0,0
890.0,790.0,390.0,,28.999999999999996,0.0,73.0,538.0,15.0,222.99999999999997,19.071428571428573,2.952380952380952,27.599999999999998,36.82,19.79,259.920013427734,8.10999965667725,2729.1700000000005,neg,0,0,0,0,0,1,0,0,0,0,0,0
470.0,270.0,50.0,,17.0,0.0,28.000000000000004,216.0,0.0,256.9,21.9,2.6142857142857143,8.0,36.5699996948242,,172.639999389648,,2107.5000000000005,neg,0,0,0,0,0,1,0,0,0,0,0,0
130.0,180.0,0.0,,28.999999999999996,0.0,80.0,36.0,0.0,256.9,21.9,2.6142857142857143,8.0,35.47,25.58,241.610000610352,8.1899995803833,2107.5000000000005,neg,0,0,0,0,0,1,0,0,0,0,0,0
100.0,220.00000000000003,0.0,,40.0,0.0,142.0,28.000000000000004,0.0,238.89999999999998,22.73333333333333,2.7904761904761903,5.8,35.5200004577637,,168.259994506836,,1142.1,neg,0,0,0,0,0,0,1,0,0,0,0,0
270.0,270.0,0.0,,7.000000000000001,0.0,196.0,28.999999999999996,0.0,238.89999999999998,22.73333333333333,2.7904761904761903,5.8,35.47,25.58,241.610000610352,8.1899995803833,1142.1,neg,0,0,0,0,0,0,1,0,0,0,0,0
229.99999999999997,580.0,0.0,,376.0,0.0,0.0,182.0,0.0,211.2,21.7,3.1285714285714286,77.0,35.8699989318848,,162.940002441406,,2235.36,neg,0,0,0,0,0,0,1,0,0,0,0,0
20.0,1920.0,30.0,,1309.0,0.0,262.0,334.0,0.0,211.2,21.7,3.1285714285714286,77.0,31.07,23.95,233.570007324219,8.22000026702881,2235.36,neg,0,0,0,0,0,0,1,0,0,0,0,0
0.0,1130.0,20.0,,832.0,0.0,68.0,227.99999999999997,0.0,213.29999999999998,20.423809523809524,2.8476190476190473,69.1,34.560001373291,,163.25,,2579.5500000000006,neg,0,0,0,0,0,0,0,1,0,0,0,0
90.0,1380.0,330.0,,727.0,0.0,204.0,422.0,0.0,213.29999999999998,20.423809523809524,2.8476190476190473,69.1,31.07,23.95,233.570007324219,8.22000026702881,2579.5500000000006,neg,0,0,0,0,0,0,0,1,0,0,0,0
10.0,630.0,10.0,,308.0,23.0,160.0,125.0,0.0,237.1,22.214285714285715,2.9000000000000004,24.5,35.1100006103516,,159.5,,1835.82,neg,0,0,0,0,0,0,0,1,0,0,0,0
30.0,1760.0000000000002,20.0,,974.0,28.999999999999996,233.0,436.00000000000006,0.0,237.1,22.214285714285715,2.9000000000000004,24.5,37.22,23.55,234.910003662109,8.06999969482422,1835.82,neg,0,0,0,0,0,0,0,1,0,0,0,0
0.0,580.0,0.0,,490.00000000000006,23.0,23.0,34.0,0.0,252.6,23.91904761904762,3.076190476190477,0.2,35.9700012207031,,155.119995117188,,1248.1900000000003,neg,0,0,0,0,0,0,0,1,0,0,0,0
280.0,600.0,0.0,,174.0,145.0,247.00000000000003,28.999999999999996,0.0,252.6,23.91904761904762,3.076190476190477,0.2,37.22,23.55,234.910003662109,8.06999969482422,1248.1900000000003,neg,0,0,0,0,0,0,0,1,0,0,0,0
10.0,280.0,0.0,,211.0,11.0,46.0,11.0,0.0,203.29999999999998,20.404761904761905,3.2428571428571424,19.099999999999998,36.6699981689453,,154.179992675781,,995.5900000000001,neg,0,0,0,0,0,0,0,0,1,0,0,0
20.0,270.0,20.0,,174.0,7.000000000000001,51.0,36.0,0.0,203.29999999999998,20.404761904761905,3.2428571428571424,19.099999999999998,,,,,995.5900000000001,neg,0,0,0,0,0,0,0,0,1,0,0,0
0.0,819.9999999999999,0.0,,473.00000000000006,256.0,74.0,6.0,0.0,172.20000000000002,18.290476190476195,3.076190476190477,74.2,37.810001373291,,149.179992675781,,1431.8200000000002,neg,0,0,0,0,0,0,0,0,1,0,0,0
0.0,480.0,0.0,,167.0,233.0,51.0,15.0,0.0,172.20000000000002,18.290476190476195,3.076190476190477,74.2,37.23,22.94,206.779998779297,8.0600004196167,1431.8200000000002,neg,0,0,0,0,0,0,0,0,1,0,0,0
20.0,340.0,20.0,,36.0,80.0,174.0,28.999999999999996,0.0,107.69999999999999,16.814285714285717,2.861904761904762,166.0,37.23,22.94,206.779998779297,8.0600004196167,2708.48,neg,0,0,0,0,0,0,0,0,0,1,0,0
10.0,440.00000000000006,0.0,,97.0,234.0,80.0,6.0,0.0,107.69999999999999,16.814285714285717,2.861904761904762,166.0,37.25,22.95,183.110000610352,8.0600004196167,2708.48,neg,0,0,0,0,0,0,0,0,0,1,0,0
0.0,40.0,0.0,,0.0,28.999999999999996,15.0,0.0,0.0,95.5,15.866666666666669,2.8476190476190477,162.1,37.35,19.87,196.059997558594,8.11999988555908,4444.230000000001,neg,0,0,0,0,0,0,0,0,0,1,0,0
620.0,300.0,20.0,,23.0,227.99999999999997,23.0,0.0,0.0,95.5,15.866666666666669,2.8476190476190477,162.1,37.0,,150.740005493164,,4444.230000000001,neg,0,0,0,0,0,0,0,0,0,1,0,0
229.99999999999997,360.0,0.0,,23.0,125.0,182.0,11.0,0.0,84.50000000000001,13.847619047619048,3.161904761904762,108.99999999999999,37.63,20.15,191.139999389648,8.14000034332275,8565.05,neg,0,0,0,0,0,0,0,0,0,0,1,0
0.0,290.0,0.0,,28.999999999999996,28.999999999999996,204.0,0.0,0.0,84.50000000000001,13.847619047619048,3.161904761904762,108.99999999999999,37.35,19.87,196.059997558594,8.11999988555908,8565.05,neg,0,0,0,0,0,0,0,0,0,0,1,0
0.0,409.99999999999994,30.0,,113.99999999999999,80.0,125.0,0.0,0.0,42.60000000000001,12.704761904761906,3.352380952380952,257.5,32.1500015258789,,163.880004882813,,16039.869999999999,neg,0,0,0,0,0,0,0,0,0,0,1,0
0.0,760.0,30.0,,28.999999999999996,393.0,262.0,0.0,0.0,42.60000000000001,12.704761904761906,3.352380952380952,257.5,37.19,17.5,219.279998779297,8.10000038146973,16039.869999999999,neg,0,0,0,0,0,0,0,0,0,0,1,0
1450.0,950.0,0.0,,7.000000000000001,465.00000000000006,393.0,0.0,0.0,41.199999999999996,10.752380952380951,2.042857142857143,29.800000000000004,37.19,17.5,219.279998779297,8.10000038146973,12662.2,neg,0,0,0,0,0,0,0,0,0,0,0,1
100.0,2870.0,0.0,,63.0,2341.0,365.0,0.0,0.0,41.199999999999996,10.752380952380951,2.042857142857143,29.800000000000004,37.03,17.28,217.490005493164,8.14999961853027,12662.2,neg,0,0,0,0,0,0,0,0,0,0,0,1
0.0,60.0,70.0,,0.0,0.0,51.0,0.0,0.0,187.3,14.666666666666666,2.8476190476190473,27.6,36.61,12.81,322.450012207031,8.14999961853027,3683.2770000000005,neg,0,0,0,0,1,0,0,0,0,0,0,0
0.0,830.0000000000001,0.0,,115.99999999999999,15.0,87.0,596.0,0.0,182.2,17.695238095238096,2.614285714285714,43.4,36.39,18.52,292.079986572266,8.17000007629395,3010.7060000000006,neg,0,0,0,0,1,0,0,0,0,0,0,0
0.0,260.0,0.0,,115.99999999999999,0.0,36.0,80.0,0.0,199.70000000000002,19.209523809523812,2.9809523809523806,115.5,36.39,18.52,292.079986572266,8.17000007629395,2685.9190000000003,neg,0,0,0,0,0,1,0,0,0,0,0,0
30.0,1430.0,40.0,,553.0,131.0,102.0,523.0,0.0,189.10000000000002,19.123809523809523,3.1952380952380954,120.39999999999998,36.27,19.9,255.460006713867,8.22000026702881,3032.232000000001,neg,0,0,0,0,0,1,0,0,0,0,0,0
20.0,1040.0,10.0,,234.0,28.000000000000004,46.0,706.0,0.0,189.10000000000002,19.123809523809523,3.1952380952380954,120.39999999999998,34.7799987792969,,205.160003662109,,3032.232000000001,neg,0,0,0,0,0,1,0,0,0,0,0,0
0.0,7630.0,50.0,,545.0,4624.0,153.0,2167.0,0.0,224.00000000000003,21.376190476190477,2.7666666666666666,30.200000000000003,36.27,19.9,255.460006713867,8.22000026702881,2568.1020000000003,neg,0,0,0,0,0,0,1,0,0,0,0,0
0.0,2150.0,10.0,,473.00000000000006,860.0,51.0,746.0,0.0,224.00000000000003,21.376190476190477,2.7666666666666666,30.200000000000003,35.1699981689453,,182.330001831055,,2568.1020000000003,neg,0,0,0,0,0,0,1,0,0,0,0,0
0.0,5760.0,0.0,,916.0,15.0,174.0,4639.0,0.0,215.50000000000003,23.29047619047619,2.619047619047619,9.6,,,,,1689.7299999999993,poz,0,0,0,0,0,0,1,0,0,0,0,0
0.0,1920.0,10.0,,443.0,95.0,44.0,1309.0,0.0,233.20000000000005,23.547619047619047,3.0571428571428574,21.2,35.3,25.66,206.330001831055,8.14999961853027,1947.6280000000002,neg,0,0,0,0,0,0,1,0,0,0,0,0
40.0,1410.0,70.0,,676.0,371.0,87.0,160.0,0.0,244.00000000000006,24.533333333333335,3.3523809523809525,2.4,35.3,25.66,206.330001831055,8.14999961853027,1763.9450000000004,neg,0,0,0,0,0,0,0,1,0,0,0,0
20.0,1460.0,60.0,,741.0,382.0,56.99999999999999,234.0,0.0,244.00000000000006,24.533333333333335,3.3523809523809525,2.4,35.28,25.52,204.990005493164,8.17000007629395,1763.9450000000004,neg,0,0,0,0,0,0,0,1,0,0,0,0
130.0,960.0,0.0,,218.00000000000003,109.00000000000001,196.0,109.00000000000001,7.000000000000001,242.3,24.023809523809522,3.1142857142857148,4.699999999999999,35.54,26.25,206.330001831055,8.10999965667725,873.119,neg,0,0,0,0,0,0,0,1,0,0,0,0
0.0,730.0,0.0,,131.0,91.0,188.0,68.0,6.0,242.3,24.023809523809522,3.1142857142857148,4.699999999999999,35.439998626709,,150.740005493164,,873.119,neg,0,0,0,0,0,0,0,1,0,0,0,0
10.0,330.0,10.0,,85.0,23.0,113.99999999999999,6.0,34.0,183.8,21.152380952380952,3.1380952380952385,58.699999999999996,36.6199989318848,,152.309997558594,,766.8359999999999,neg,0,0,0,0,0,0,0,0,1,0,0,0
0.0,540.0,50.0,,65.0,28.999999999999996,80.0,28.999999999999996,28.999999999999996,183.8,21.152380952380952,3.1380952380952385,58.699999999999996,,,,,766.8359999999999,neg,0,0,0,0,0,0,0,0,1,0,0,0
1550.0,610.0,0.0,,87.0,80.0,109.00000000000001,7.000000000000001,160.0,109.3,16.49047619047619,3.1333333333333333,267.7,36.19,22.39,219.729995727539,8.15999984741211,2638.381,neg,0,0,0,0,0,0,0,0,1,0,0,0
819.9999999999999,430.0,10.0,,97.0,34.0,63.0,0.0,171.0,109.3,16.49047619047619,3.1333333333333333,267.7,35.7900009155273,,207.039993286133,,2638.381,neg,0,0,0,0,0,0,0,0,1,0,0,0
110.00000000000001,1720.0,10.0,,85.0,262.0,125.0,0.0,1139.0,99.69999999999999,17.033333333333335,2.6714285714285717,153.10000000000002,36.21,22.78,217.050003051758,8.17000007629395,4766.862,neg,0,0,0,0,0,0,0,0,0,1,0,0
220.00000000000003,919.9999999999999,0.0,,73.0,174.0,102.0,0.0,436.00000000000006,99.69999999999999,17.033333333333335,2.6714285714285717,153.10000000000002,36.19,22.39,219.729995727539,8.15999984741211,4766.862,neg,0,0,0,0,0,0,0,0,0,1,0,0
350.0,700.0,0.0,,11.0,142.0,51.0,0.0,479.0,141.7,16.92380952380953,2.9714285714285715,46.0,35.1399993896484,,160.130004882813,,4735.938000000001,neg,0,0,0,0,0,0,0,0,0,1,0,0
70.0,1080.0,0.0,,7.000000000000001,167.0,182.0,7.000000000000001,698.0,141.7,16.92380952380953,2.9714285714285715,46.0,36.7,19.97,223.300003051758,8.14999961853027,4735.938000000001,neg,0,0,0,0,0,0,0,0,0,1,0,0
20.0,120.0,20.0,,7.000000000000001,15.0,65.0,0.0,28.999999999999996,122.8,13.166666666666666,2.7428571428571424,24.700000000000003,36.7,19.97,223.300003051758,8.14999961853027,2037.8859999999997,neg,0,0,0,0,0,0,0,0,0,0,1,0
0.0,100.0,0.0,,0.0,0.0,28.999999999999996,0.0,65.0,76.89999999999999,9.647619047619047,2.7380952380952377,32.400000000000006,37.55,16.24,234.020004272461,8.14999961853027,1586.302,neg,0,0,0,0,0,0,0,0,0,0,1,0
154.0,0.0,0.0,,0.0,0.0,0.0,0.0,0.0,147.5,10.495238095238097,2.7095238095238097,100.00000000000001,,,,,1573.2220000000002,poz,0,0,0,1,0,0,0,0,0,0,0,0
0.0,9.0,0.0,,0.0,0.0,9.2,0.0,0.0,147.5,10.495238095238097,2.7095238095238097,100.00000000000001,,,,,1573.2220000000002,poz,0,0,0,1,0,0,0,0,0,0,0,0
81.0,0.0,0.0,,0.0,0.0,0.0,0.0,0.0,177.79999999999998,14.585714285714285,2.8285714285714287,53.2,37.48,12.52,196.059997558594,8.30000019073486,2311.119999999999,poz,0,0,0,0,1,0,0,0,0,0,0,0
76.0,5.0,0.0,,0.0,0.0,0.0,4.5,0.0,177.79999999999998,14.585714285714285,2.8285714285714287,53.2,37.49,,119.160003662109,,2311.119999999999,poz,0,0,0,0,1,0,0,0,0,0,0,0
79.0,9.0,227.0,,0.0,0.0,4.4,4.4,0.0,164.9,17.16190476190476,2.466666666666667,43.3,37.77,,177.009994506836,,2225.9619999999995,neg,0,0,0,0,1,0,0,0,0,0,0,0
379.0,27.0,46.0,,4.5,0.0,0.0,22.7,0.0,164.9,17.16190476190476,2.466666666666667,43.3,37.6,17.77,157.649993896484,8.21000003814697,2225.9619999999995,poz,0,0,0,0,1,0,0,0,0,0,0,0
133.0,27.0,32.0,,13.5,0.0,4.5,9.0,0.0,178.29999999999998,18.785714285714285,2.5285714285714285,46.0,37.77,,177.009994506836,,2484.5110000000004,poz,0,0,0,0,0,1,0,0,0,0,0,0
94.0,18.0,45.0,,9.0,0.0,0.0,9.0,0.0,178.29999999999998,18.785714285714285,2.5285714285714285,46.0,37.6,17.77,157.649993896484,8.21000003814697,2484.5110000000004,neg,0,0,0,0,0,1,0,0,0,0,0,0
0.0,5.0,5.0,,0.0,0.0,4.7,0.0,0.0,205.6,20.347619047619045,2.7476190476190476,75.8,37.14,,161.690002441406,,2821.838,neg,0,0,0,0,0,1,0,0,0,0,0,0
76.0,63.0,27.0,,62.9,0.0,0.0,0.0,0.0,205.6,20.347619047619045,2.7476190476190476,75.8,33.95,22.8,243.839996337891,8.31999969482422,2821.838,neg,0,0,0,0,0,1,0,0,0,0,0,0
0.0,92.0,8.0,,84.0,8.0,0.0,0.0,0.0,255.49999999999997,23.37142857142857,2.7333333333333325,64.9,35.04,,150.740005493164,,2282.3979999999997,poz,0,0,0,0,0,0,1,0,0,0,0,0
0.0,93.0,28.0,,84.8,0.0,8.1,0.0,0.0,255.49999999999997,23.37142857142857,2.7333333333333325,64.9,33.95,22.8,243.839996337891,8.31999969482422,2282.3979999999997,poz,0,0,0,0,0,0,1,0,0,0,0,0
0.0,5.0,0.0,,4.5,0.0,0.0,0.0,0.0,236.39999999999995,22.78095238095238,2.9285714285714284,83.1,32.76,,162.0,,1659.241,neg,0,0,0,0,0,0,1,0,0,0,0,0
0.0,40.0,4.0,,36.0,0.0,0.0,0.0,0.0,219.5,23.280952380952378,2.6285714285714286,56.39999999999999,35.95,,166.380004882813,,1537.0150000000003,poz,0,0,0,0,0,0,1,0,0,0,0,0
5.0,85.0,5.0,,84.7,0.0,0.0,0.0,0.0,185.70000000000002,21.214285714285715,2.8523809523809525,116.2,36.2,,139.479995727539,,3680.764,neg,0,0,0,0,0,0,0,1,0,0,0,0
5.0,0.0,0.0,,0.0,0.0,0.0,0.0,0.0,171.9,20.7,2.604761904761905,43.599999999999994,36.2,,139.479995727539,,3084.273,neg,0,0,0,0,0,0,0,0,1,0,0,0
0.0,43.0,4.0,,21.7,13.0,4.3,0.0,4.3,138.4,15.742857142857138,2.9142857142857146,220.99999999999997,37.67,,172.639999389648,,1334.295,poz,0,0,0,0,0,0,0,0,0,1,0,0
74.0,30.0,0.0,,8.4,0.0,21.1,0.0,0.0,128.0,14.166666666666666,2.5809523809523807,162.4,38.19,22.97,290.739990234375,8.18000030517578,1617.1009999999997,neg,0,0,0,0,0,0,0,0,0,1,0,0
4.0,4.0,0.0,,0.0,0.0,4.2,0.0,0.0,105.5,14.547619047619047,3.385714285714286,98.0,37.79,,168.259994506836,,4509.541000000001,neg,0,0,0,0,0,0,0,0,0,0,1,0
67.0,4.0,24.0,,0.0,0.0,4.0,0.0,0.0,202.5,17.35714285714286,2.7571428571428576,0.3,,,,,1405.8129999999999,neg,0,0,0,0,1,0,0,0,0,0,0,0
548.0,20.0,69.0,,0.0,0.0,0.0,20.4,0.0,202.5,17.35714285714286,2.7571428571428576,0.3,,,,,1405.8129999999999,neg,0,0,0,0,1,0,0,0,0,0,0,0
272.0,20.0,0.0,,8.2,0.0,0.0,12.2,0.0,194.80000000000004,18.15714285714286,2.8476190476190477,9.3,37.44,17.45,265.279998779297,8.1899995803833,1340.281,neg,0,0,0,0,1,0,0,0,0,0,0,0
61.0,21.0,110.0,,0.0,0.0,0.0,21.1,0.0,194.80000000000004,18.15714285714286,2.8476190476190477,9.3,38.04,17.0,262.149993896484,8.21000003814697,1340.281,neg,0,0,0,0,1,0,0,0,0,0,0,0
349.0,60.0,12.0,,0.0,0.0,0.0,60.0,0.0,228.60000000000002,21.928571428571427,2.4095238095238094,13.3,37.44,17.45,265.279998779297,8.1899995803833,1023.3009999999999,neg,0,0,0,0,0,1,0,0,0,0,0,0
61.0,12.0,8.0,,0.0,0.0,8.2,4.1,0.0,228.60000000000002,21.928571428571427,2.4095238095238094,13.3,38.04,17.0,262.149993896484,8.21000003814697,1023.3009999999999,neg,0,0,0,0,0,1,0,0,0,0,0,0
20.0,40.0,28.0,,4.0,0.0,28.0,4.0,0.0,233.39999999999998,25.06666666666667,2.661904761904762,6.9,36.19,26.68,233.570007324219,,839.3169999999999,neg,0,0,0,0,0,1,0,0,0,0,0,0
137.0,12.0,20.0,,0.0,0.0,8.0,0.0,0.0,233.39999999999998,25.06666666666667,2.661904761904762,6.9,37.69,22.86,247.419998168945,8.13000011444092,839.3169999999999,neg,0,0,0,0,0,1,0,0,0,0,0,0
137.0,24.0,4.0,,16.0,0.0,4.0,4.0,0.0,237.70000000000002,24.51904761904762,3.028571428571429,11.3,,,,,1096.7839999999997,neg,0,0,0,0,0,0,1,0,0,0,0,0
283.0,36.0,8.0,,24.0,0.0,8.0,4.0,0.0,237.70000000000002,24.51904761904762,3.028571428571429,11.3,,,,,1096.7839999999997,neg,0,0,0,0,0,0,1,0,0,0,0,0
149.0,20.0,8.0,,16.0,0.0,4.0,0.0,0.0,234.29999999999995,24.947619047619046,3.071428571428572,16.2,,,,,1011.0669999999999,neg,0,0,0,0,0,0,1,0,0,0,0,0
275.0,32.0,0.0,,16.0,0.0,4.0,8.0,0.0,234.29999999999995,24.947619047619046,3.071428571428572,16.2,,,,,1011.0669999999999,neg,0,0,0,0,0,0,1,0,0,0,0,0
0.0,67.0,0.0,,63.2,0.0,4.2,0.0,0.0,230.89999999999995,26.566666666666666,2.880952380952381,7.1000000000000005,38.06,25.1,233.570007324219,,593.9170000000001,neg,0,0,0,0,0,0,0,1,0,0,0,0
217.0,43.0,0.0,,39.1,0.0,4.3,0.0,0.0,230.89999999999995,26.566666666666666,2.880952380952381,7.1000000000000005,38.07,24.88,236.699996948242,,593.9170000000001,neg,0,0,0,0,0,0,0,1,0,0,0,0
4.0,92.0,4.0,,60.0,0.0,32.0,0.0,0.0,212.8,23.29523809523809,3.4571428571428577,25.1,38.07,27.64,215.259994506836,8.1899995803833,906.265,neg,0,0,0,0,0,0,0,0,1,0,0,0
20.0,44.0,4.0,,32.0,0.0,12.0,0.0,0.0,212.8,23.29523809523809,3.4571428571428577,25.1,37.93,27.77,217.940002441406,8.21000003814697,906.265,neg,0,0,0,0,0,0,0,0,1,0,0,0
141.0,68.0,4.0,,8.0,20.0,28.0,4.0,0.0,165.19999999999996,19.08095238095238,3.461904761904762,25.0,38.07,27.64,215.259994506836,8.1899995803833,951.276,neg,0,0,0,0,0,0,0,0,1,0,0,0
12.0,4.0,0.0,,4.0,0.0,0.0,0.0,0.0,165.19999999999996,19.08095238095238,3.461904761904762,25.0,37.93,27.77,217.940002441406,8.21000003814697,951.276,neg,0,0,0,0,0,0,0,0,1,0,0,0
79.0,64.0,8.0,,0.0,40.0,8.0,0.0,0.0,176.4,17.123809523809523,3.104761904761905,111.1,38.2,20.91,234.910003662109,8.23999977111816,906.9329999999999,neg,0,0,0,0,0,0,0,0,1,0,0,0
0.0,104.0,4.0,,16.0,28.0,28.0,4.0,0.0,176.4,17.123809523809523,3.104761904761905,111.1,38.2,21.09,222.410003662109,8.25,906.9329999999999,neg,0,0,0,0,0,0,0,0,1,0,0,0
4.0,44.0,4.0,,28.0,4.0,8.0,0.0,0.0,118.0,14.333333333333334,2.8476190476190473,34.300000000000004,,,,,1628.761,neg,0,0,0,0,0,0,0,0,0,1,0,0
4.0,37.0,0.0,,8.2,4.1,20.5,0.0,0.0,118.0,14.333333333333334,2.8476190476190473,34.300000000000004,,,,,1628.761,neg,0,0,0,0,0,0,0,0,0,1,0,0
141.0,132.0,0.0,,68.0,36.0,24.0,0.0,0.0,85.0,10.142857142857142,2.623809523809524,95.0,38.09,17.3,232.679992675781,,4637.599,neg,0,0,0,0,0,0,0,0,0,0,1,0
71.0,36.0,0.0,,12.1,20.2,4.0,0.0,0.0,85.0,10.142857142857142,2.623809523809524,95.0,38.24,18.0,229.550003051758,8.27000045776367,4637.599,neg,0,0,0,0,0,0,0,0,0,0,1,0
3250.0,130.0,40.0,,0.0,0.0,110.0,20.0,0.0,160.29999999999998,13.957142857142859,2.8761904761904766,69.3,37.89,10.7,283.140014648438,8.1899995803833,5111.848,neg,0,0,0,0,1,0,0,0,0,0,0,0
7639.0,170.0,210.0,,0.0,0.0,60.0,100.0,0.0,160.29999999999998,13.957142857142859,2.8761904761904766,69.3,36.91,10.77,286.720001220703,,5111.848,neg,0,0,0,0,1,0,0,0,0,0,0,0
135.0,100.0,0.0,,0.0,0.0,10.0,90.0,0.0,200.39999999999995,14.58095238095238,2.9142857142857146,67.3,37.07,16.54,267.070007324219,8.27000045776367,4712.411,neg,0,0,0,0,1,0,0,0,0,0,0,0
3500.0,10.0,20.0,,0.0,0.0,0.0,10.0,0.0,200.39999999999995,14.58095238095238,2.9142857142857146,67.3,37.67,15.1,271.089996337891,8.25,4712.411,neg,0,0,0,0,1,0,0,0,0,0,0,0
205.0,150.0,0.0,,0.0,0.0,10.0,140.0,0.0,200.0,19.057142857142853,3.1142857142857148,43.9,35.18,18.13,,,2830.161000000001,neg,0,0,0,0,0,1,0,0,0,0,0,0
645.0,90.0,30.0,,10.0,0.0,30.0,50.0,0.0,200.0,19.057142857142853,3.1142857142857148,43.9,37.09,17.7,,,2830.161000000001,neg,0,0,0,0,0,1,0,0,0,0,0,0
280.0,80.0,0.0,,0.0,0.0,70.0,10.0,0.0,219.49999999999997,21.41904761904762,3.0142857142857142,35.1,37.4,,,,3006.229,neg,0,0,0,0,0,1,0,0,0,0,0,0
20.0,20.0,0.0,,10.0,0.0,0.0,0.0,0.0,219.49999999999997,21.41904761904762,3.0142857142857142,35.1,37.23,19.83,251.440002441406,8.23999977111816,3006.229,neg,0,0,0,0,0,1,0,0,0,0,0,0
135.0,30.0,10.0,,0.0,0.0,0.0,0.0,0.0,237.6,21.65714285714286,2.719047619047619,70.0,37.4,,,,3210.3430000000008,neg,0,0,0,0,0,0,1,0,0,0,0,0
145.0,50.0,0.0,,40.0,0.0,10.0,0.0,0.0,239.3,22.576190476190476,2.8095238095238098,4.1,37.28,22.16,,,2134.0640000000003,neg,0,0,0,0,0,0,1,0,0,0,0,0
260.0,50.0,20.0,,20.0,0.0,30.0,0.0,0.0,239.3,22.576190476190476,2.8095238095238098,4.1,37.48,21.81,,,2134.0640000000003,neg,0,0,0,0,0,0,1,0,0,0,0,0
395.0,90.0,20.0,,40.0,0.0,20.0,0.0,0.0,231.60000000000002,23.666666666666664,2.8571428571428577,36.599999999999994,36.91,23.61,232.679992675781,,2766.4349999999995,neg,0,0,0,0,0,0,0,1,0,0,0,0
645.0,30.0,10.0,,20.0,0.0,10.0,0.0,0.0,231.60000000000002,23.666666666666664,2.8571428571428577,36.599999999999994,37.1,22.94,230.809997558594,8.27000045776367,2766.4349999999995,neg,0,0,0,0,0,0,0,1,0,0,0,0
145.0,70.0,10.0,,70.0,0.0,0.0,0.0,0.0,227.70000000000002,22.514285714285712,2.9761904761904763,40.7,36.81,25.11,233.0,8.3100004196167,2748.8739999999993,neg,0,0,0,0,0,0,0,1,0,0,0,0
385.0,50.0,0.0,,40.0,0.0,0.0,10.0,0.0,227.70000000000002,22.514285714285712,2.9761904761904763,40.7,36.95,24.96,229.869995117188,8.31999969482422,2748.8739999999993,neg,0,0,0,0,0,0,0,1,0,0,0,0
0.0,50.0,0.0,,20.0,20.0,10.0,0.0,0.0,199.99999999999997,20.466666666666665,3.190476190476191,8.4,,,,,1646.1050000000005,neg,0,0,0,0,0,0,0,0,1,0,0,0
395.0,0.0,0.0,,0.0,0.0,0.0,0.0,0.0,145.6,17.91428571428571,3.1666666666666665,62.900000000000006,37.49,23.67,204.539993286133,8.30000019073486,2126.416,neg,0,0,0,0,0,0,0,0,1,0,0,0
10.0,20.0,0.0,,0.0,20.0,0.0,0.0,0.0,145.6,17.91428571428571,3.1666666666666665,62.900000000000006,37.46,,,,2126.416,neg,0,0,0,0,0,0,0,0,1,0,0,0
125.0,50.0,10.0,,0.0,0.0,10.0,40.0,0.0,214.5,19.576190476190476,2.576190476190476,20.599999999999998,,,,,1678.0939999999998,neg,0,0,0,0,0,1,0,0,0,0,0,0
250.0,60.0,10.0,,0.0,0.0,0.0,40.0,0.0,214.5,19.576190476190476,2.576190476190476,20.599999999999998,,,,,1678.0939999999998,neg,0,0,0,0,0,1,0,0,0,0,0,0
250.0,40.0,20.0,,0.0,0.0,0.0,40.0,0.0,229.20000000000002,21.204761904761906,2.7142857142857144,22.4,37.86,21.48,234.470001220703,,1047.0199999999998,neg,0,0,0,0,0,1,0,0,0,0,0,0
250.0,60.0,0.0,,20.0,0.0,0.0,40.0,0.0,229.20000000000002,21.204761904761906,2.7142857142857144,22.4,38.0499992370605,19.7399997711182,245.179992675781,,1047.0199999999998,neg,0,0,0,0,0,1,0,0,0,0,0,0
165.0,80.0,30.0,,10.0,0.0,10.0,60.0,0.0,204.99999999999997,21.861904761904764,2.6380952380952385,78.49999999999999,,,,,1870.7399999999998,neg,0,0,0,0,0,0,1,0,0,0,0,0
145.0,130.0,0.0,,50.0,0.0,60.0,20.0,0.0,204.99999999999997,21.861904761904764,2.6380952380952385,78.49999999999999,37.7700004577637,22.1100006103516,200.520004272461,,1870.7399999999998,neg,0,0,0,0,0,0,1,0,0,0,0,0
135.0,30.0,20.0,,20.0,0.0,10.0,0.0,0.0,231.4,23.714285714285708,2.7476190476190476,26.299999999999997,37.2,25.9,237.139999389648,,1561.3280000000002,neg,0,0,0,0,0,0,0,1,0,0,0,0
10.0,30.0,0.0,,20.0,0.0,10.0,0.0,0.0,231.4,23.714285714285708,2.7476190476190476,26.299999999999997,37.7700004577637,22.1100006103516,200.520004272461,,1561.3280000000002,neg,0,0,0,0,0,0,0,1,0,0,0,0
10.0,0.0,0.0,,0.0,0.0,0.0,0.0,0.0,180.40000000000003,21.223809523809525,2.6285714285714286,71.3,36.7900009155273,25.9200000762939,249.649993896484,,1436.806,neg,0,0,0,0,0,0,0,1,0,0,0,0
40.0,20.0,0.0,,0.0,0.0,10.0,0.0,0.0,180.40000000000003,21.223809523809525,2.6285714285714286,71.3,37.2,25.9,237.139999389648,,1436.806,neg,0,0,0,0,0,0,0,1,0,0,0,0
20.0,0.0,0.0,,0.0,0.0,0.0,0.0,0.0,154.60000000000002,20.23333333333333,2.2619047619047623,111.60000000000001,37.74,23.28,233.570007324219,,2182.987,neg,0,0,0,0,0,0,0,1,0,0,0,0
20.0,20.0,0.0,,10.0,10.0,0.0,0.0,0.0,154.60000000000002,20.23333333333333,2.2619047619047623,111.60000000000001,37.61,24.62,208.119995117188,8.27999973297119,2182.987,neg,0,0,0,0,0,0,0,1,0,0,0,0
30.0,30.0,0.0,,30.0,0.0,0.0,0.0,0.0,182.10000000000005,20.514285714285716,2.4523809523809526,48.70000000000001,37.63,23.34,213.919998168945,8.28999996185303,2012.054,neg,0,0,0,0,0,0,0,0,1,0,0,0
10.0,10.0,10.0,,0.0,0.0,0.0,10.0,0.0,182.10000000000005,20.514285714285716,2.4523809523809526,48.70000000000001,37.61,24.62,208.119995117188,8.27999973297119,2012.054,neg,0,0,0,0,0,0,0,0,1,0,0,0
70.0,90.0,290.0,,10.0,30.0,50.0,0.0,0.0,160.4,18.03333333333334,2.6619047619047618,41.3,37.3899993896484,23.9699993133545,234.910003662109,,2094.3579999999997,neg,0,0,0,0,0,0,0,0,1,0,0,0
0.0,0.0,0.0,,0.0,0.0,0.0,0.0,0.0,160.4,18.03333333333334,2.6619047619047618,41.3,36.87,23.92,217.050003051758,,2094.3579999999997,neg,0,0,0,0,0,0,0,0,1,0,0,0
20.0,20.0,40.0,,0.0,20.0,0.0,0.0,0.0,115.0,14.63809523809524,2.223809523809524,103.4,36.97,23.83,218.389999389648,8.27999973297119,3825.681,neg,0,0,0,0,0,0,0,0,0,1,0,0
320.0,30.0,20.0,,0.0,20.0,10.0,0.0,0.0,115.0,14.63809523809524,2.223809523809524,103.4,36.87,23.92,217.050003051758,,3825.681,neg,0,0,0,0,0,0,0,0,0,1,0,0
20.0,80.0,10.0,,30.0,30.0,20.0,0.0,0.0,100.89999999999998,13.009523809523811,2.0857142857142854,16.400000000000002,37.3,19.4,254.559997558594,,3062.8959999999997,neg,0,0,0,0,0,0,0,0,0,1,0,0
10.0,120.0,60.0,,10.0,70.0,10.0,0.0,0.0,100.89999999999998,13.009523809523811,2.0857142857142854,16.400000000000002,37.27,19.34,230.0,,3062.8959999999997,neg,0,0,0,0,0,0,0,0,0,1,0,0
125.0,130.0,10.0,3000.0,0.0,0.0,0.0,130.0,0.0,158.9,15.08095238095238,2.6095238095238096,57.4,37.02,13.43,251.440002441406,,3195.2599999999998,neg,0,0,0,0,1,0,0,0,0,0,0,0
10.0,0.0,0.0,2250.0,0.0,0.0,0.0,0.0,0.0,158.9,15.08095238095238,2.6095238095238096,57.4,37.44,12.94,242.949996948242,,3195.2599999999998,neg,0,0,0,0,1,0,0,0,0,0,0,0
0.0,120.0,120.0,31860.0,10.0,0.0,10.0,100.0,0.0,175.5,17.261904761904763,3.0904761904761906,60.6,37.2,18.51,244.740005493164,8.27000045776367,2642.132,neg,0,0,0,0,0,1,0,0,0,0,0,0
125.0,80.0,0.0,70500.0,10.0,0.0,0.0,70.0,0.0,175.5,17.261904761904763,3.0904761904761906,60.6,37.26,17.52,251.880004882813,8.27000045776367,2642.132,neg,0,0,0,0,0,1,0,0,0,0,0,0
30.0,180.0,260.0,42875.0,0.0,0.0,10.0,160.0,0.0,195.1,19.666666666666668,3.0095238095238095,5.1,37.37,21.84,232.679992675781,,2326.2560000000003,neg,0,0,0,0,0,1,0,0,0,0,0,0
135.0,170.0,20.0,38125.0,10.0,0.0,0.0,160.0,0.0,195.1,19.666666666666668,3.0095238095238095,5.1,37.5699996948242,19.2199993133545,256.350006103516,8.22000026702881,2326.2560000000003,neg,0,0,0,0,0,1,0,0,0,0,0,0
125.0,20.0,10.0,18000.0,10.0,0.0,0.0,10.0,0.0,217.70000000000002,22.895238095238092,2.9,0.0,37.51,19.8,204.990005493164,8.26000022888184,1837.8400000000001,neg,0,0,0,0,0,1,0,0,0,0,0,0
0.0,110.0,100.0,19845.0,10.0,0.0,10.0,80.0,0.0,217.70000000000002,22.895238095238092,2.9,0.0,37.37,21.84,232.679992675781,,1837.8400000000001,neg,0,0,0,0,0,1,0,0,0,0,0,0
0.0,70.0,0.0,2430.0,0.0,0.0,10.0,60.0,0.0,226.69999999999996,25.257142857142856,2.7428571428571433,3.5999999999999996,37.37,21.84,232.679992675781,,1041.494,neg,0,0,0,0,0,0,1,0,0,0,0,0
0.0,50.0,30.0,29700.0,20.0,0.0,20.0,10.0,0.0,241.39999999999998,24.74761904761905,2.8380952380952382,3.5999999999999996,,,,,934.5789999999998,neg,0,0,0,0,0,0,1,0,0,0,0,0
135.0,40.0,0.0,6125.0,0.0,0.0,10.0,30.0,0.0,241.39999999999998,24.74761904761905,2.8380952380952382,3.5999999999999996,36.3899993896484,24.1599998474121,248.759994506836,8.11999988555908,934.5789999999998,neg,0,0,0,0,0,0,1,0,0,0,0,0
10.0,50.0,10.0,5250.0,0.0,0.0,20.0,10.0,0.0,241.39999999999998,24.74761904761905,2.8380952380952382,3.5999999999999996,,,,,934.5789999999998,neg,0,0,0,0,0,0,1,0,0,0,0,0
20.0,30.0,0.0,6250.0,20.0,0.0,0.0,10.0,0.0,228.90000000000003,25.671428571428567,3.147619047619048,24.0,37.9,24.87,224.639999389648,,825.139,neg,0,0,0,0,0,0,0,1,0,0,0,0
0.0,20.0,20.0,2500.0,20.0,0.0,0.0,0.0,0.0,228.90000000000003,25.671428571428567,3.147619047619048,24.0,37.8400001525879,23.7000007629395,241.610000610352,8.22999954223633,825.139,neg,0,0,0,0,0,0,0,1,0,0,0,0
10.0,50.0,0.0,6625.0,30.0,0.0,10.0,0.0,0.0,197.8,24.419047619047618,3.1571428571428575,128.4,37.7700004577637,23.7399997711182,246.520004272461,8.22999954223633,1198.0679999999998,poz,0,0,0,0,0,0,0,1,0,0,0,0
0.0,90.0,30.0,7000.0,50.0,0.0,10.0,20.0,0.0,197.8,24.419047619047618,3.1571428571428575,128.4,37.9,24.87,224.639999389648,,1198.0679999999998,poz,0,0,0,0,0,0,0,1,0,0,0,0
0.0,20.0,0.0,500.0,10.0,0.0,10.0,0.0,0.0,150.7,21.25714285714286,2.8904761904761904,195.29999999999998,37.7700004577637,23.7399997711182,246.520004272461,8.22999954223633,1449.2300000000002,neg,0,0,0,0,0,0,0,1,0,0,0,0
0.0,30.0,0.0,875.0,30.0,0.0,0.0,0.0,0.0,150.7,21.25714285714286,2.8904761904761904,195.29999999999998,37.9,24.87,224.639999389648,,1449.2300000000002,neg,0,0,0,0,0,0,0,1,0,0,0,0
250.0,130.0,0.0,3000.0,100.0,0.0,30.0,0.0,0.0,150.7,21.25714285714286,2.8904761904761904,195.29999999999998,37.72,24.56,217.940002441406,,1449.2300000000002,neg,0,0,0,0,0,0,0,1,0,0,0,0
10.0,40.0,0.0,250.0,20.0,0.0,20.0,0.0,0.0,154.4,20.423809523809524,2.7857142857142856,172.6,36.49,23.08,213.470001220703,8.26000022888184,1542.3400000000001,neg,0,0,0,0,0,0,0,1,0,0,0,0
0.0,20.0,0.0,1125.0,10.0,0.0,10.0,0.0,0.0,154.4,20.423809523809524,2.7857142857142856,172.6,37.0499992370605,23.4599990844727,238.479995727539,8.28999996185303,1542.3400000000001,neg,0,0,0,0,0,0,0,1,0,0,0,0
0.0,10.0,0.0,375.0,10.0,0.0,0.0,0.0,0.0,154.4,20.423809523809524,2.7857142857142856,172.6,37.12,23.06,209.460006713867,8.26000022888184,1542.3400000000001,neg,0,0,0,0,0,0,0,1,0,0,0,0
0.0,60.0,0.0,1625.0,50.0,0.0,0.0,10.0,0.0,153.70000000000002,20.18095238095238,2.628571428571429,202.29999999999998,36.49,23.08,213.470001220703,8.26000022888184,1705.4489999999998,neg,0,0,0,0,0,0,0,1,0,0,0,0
0.0,40.0,0.0,500.0,20.0,0.0,20.0,0.0,0.0,191.8,20.238095238095237,2.8571428571428577,145.6,37.0499992370605,23.4599990844727,238.479995727539,8.28999996185303,1541.1629999999998,neg,0,0,0,0,0,0,0,0,1,0,0,0
125.0,50.0,0.0,2375.0,40.0,0.0,0.0,10.0,0.0,191.8,20.238095238095237,2.8571428571428577,145.6,37.12,23.06,209.460006713867,8.26000022888184,1541.1629999999998,neg,0,0,0,0,0,0,0,0,1,0,0,0
0.0,20.0,10.0,625.0,20.0,0.0,0.0,0.0,0.0,191.8,20.238095238095237,2.8571428571428577,145.6,36.49,23.08,213.470001220703,8.26000022888184,1541.1629999999998,neg,0,0,0,0,0,0,0,0,1,0,0,0
0.0,20.0,10.0,2250.0,20.0,0.0,0.0,0.0,0.0,198.20000000000002,19.28095238095238,2.861904761904762,144.49999999999997,36.49,23.08,213.470001220703,8.26000022888184,1459.3020000000004,neg,0,0,0,0,0,0,0,0,1,0,0,0
0.0,40.0,30.0,14625.0,0.0,0.0,40.0,0.0,0.0,198.20000000000002,19.28095238095238,2.861904761904762,144.49999999999997,37.59,23.21,208.559997558594,8.22999954223633,1459.3020000000004,neg,0,0,0,0,0,0,0,0,1,0,0,0
125.0,10.0,30.0,5625.0,10.0,0.0,0.0,0.0,0.0,198.20000000000002,19.28095238095238,2.861904761904762,144.49999999999997,37.12,23.06,209.460006713867,8.26000022888184,1459.3020000000004,neg,0,0,0,0,0,0,0,0,1,0,0,0
125.0,30.0,0.0,25625.0,0.0,20.0,10.0,0.0,0.0,177.2,19.65714285714286,2.752380952380953,17.0,37.57,22.61,229.550003051758,,1714.5400000000002,neg,0,0,0,0,0,0,0,0,1,0,0,0
0.0,40.0,0.0,26375.0,0.0,20.0,20.0,0.0,0.0,177.2,19.65714285714286,2.752380952380953,17.0,37.2000007629395,23.6200008392334,249.649993896484,8.3100004196167,1714.5400000000002,neg,0,0,0,0,0,0,0,0,1,0,0,0
125.0,20.0,30.0,32250.0,0.0,10.0,10.0,0.0,0.0,177.2,19.65714285714286,2.752380952380953,17.0,37.33,23.01,215.710006713867,,1714.5400000000002,neg,0,0,0,0,0,0,0,0,1,0,0,0
10.0,120.0,0.0,30500.0,0.0,60.0,50.0,0.0,0.0,161.29999999999998,18.942857142857147,2.942857142857142,17.0,37.2000007629395,23.6200008392334,249.649993896484,8.3100004196167,1702.1019999999996,neg,0,0,0,0,0,0,0,0,1,0,0,0
70.0,60.0,20.0,6375.0,0.0,30.0,30.0,0.0,0.0,161.29999999999998,18.942857142857147,2.942857142857142,17.0,37.57,22.61,229.550003051758,,1702.1019999999996,neg,0,0,0,0,0,0,0,0,1,0,0,0
0.0,30.0,10.0,8625.0,0.0,20.0,10.0,0.0,0.0,133.2,19.46666666666667,3.1238095238095234,16.799999999999997,37.57,22.61,229.550003051758,,1638.2269999999996,neg,0,0,0,0,0,0,0,0,0,1,0,0
10.0,80.0,0.0,9250.0,0.0,40.0,40.0,0.0,0.0,133.2,19.46666666666667,3.1238095238095234,16.799999999999997,37.3,23.63,226.869995117188,,1638.2269999999996,neg,0,0,0,0,0,0,0,0,0,1,0,0
10.0,70.0,10.0,250.0,0.0,20.0,20.0,0.0,0.0,160.70000000000005,17.685714285714283,3.2952380952380955,5.4,37.33,23.01,215.710006713867,,1968.9470000000001,neg,0,0,0,0,0,0,0,0,0,1,0,0
0.0,40.0,10.0,7625.0,0.0,30.0,10.0,0.0,0.0,160.70000000000005,17.685714285714283,3.2952380952380955,5.4,37.57,22.61,229.550003051758,,1968.9470000000001,neg,0,0,0,0,0,0,0,0,0,1,0,0
0.0,30.0,0.0,3625.0,0.0,20.0,10.0,0.0,0.0,160.79999999999998,15.628571428571428,3.2523809523809524,5.4,37.12,22.76,213.919998168945,,1821.0469999999998,neg,0,0,0,0,0,0,0,0,0,1,0,0
0.0,50.0,0.0,1000.0,0.0,10.0,40.0,0.0,0.0,160.79999999999998,15.628571428571428,3.2523809523809524,5.4,37.02,23.0,218.389999389648,,1821.0469999999998,neg,0,0,0,0,0,0,0,0,0,1,0,0
0.0,50.0,0.0,1875.0,0.0,20.0,30.0,0.0,0.0,160.79999999999998,15.628571428571428,3.2523809523809524,5.4,37.25,22.69,214.809997558594,8.26000022888184,1821.0469999999998,neg,0,0,0,0,0,0,0,0,0,1,0,0
0.0,40.0,0.0,1000.0,0.0,0.0,40.0,0.0,0.0,132.3,14.666666666666664,2.9095238095238094,22.1,37.7,20.17,,,2135.272,neg,0,0,0,0,0,0,0,0,0,1,0,0
0.0,0.0,0.0,750.0,0.0,0.0,0.0,0.0,0.0,132.3,14.666666666666664,2.9095238095238094,22.1,37.13,19.74,191.139999389648,,2135.272,neg,0,0,0,0,0,0,0,0,0,1,0,0
0.0,10.0,0.0,1750.0,0.0,10.0,0.0,0.0,0.0,132.3,14.666666666666664,2.9095238095238094,22.1,37.5200004577637,21.2099990844727,282.700012207031,8.17000007629395,2135.272,neg,0,0,0,0,0,0,0,0,0,1,0,0
0.0,10.0,0.0,19000.0,0.0,0.0,10.0,0.0,0.0,72.4,13.428571428571429,2.814285714285714,16.700000000000003,37.13,19.74,191.139999389648,,2126.879,neg,0,0,0,0,0,0,0,0,0,0,1,0
0.0,20.0,0.0,12000.0,0.0,10.0,10.0,0.0,0.0,72.4,13.428571428571429,2.814285714285714,16.700000000000003,37.5200004577637,21.2099990844727,282.700012207031,8.17000007629395,2126.879,neg,0,0,0,0,0,0,0,0,0,0,1,0
0.0,60.0,0.0,10750.0,20.0,10.0,30.0,0.0,0.0,72.4,13.428571428571429,2.814285714285714,16.700000000000003,37.7,20.17,,,2126.879,neg,0,0,0,0,0,0,0,0,0,0,1,0
0.0,50.0,0.0,875.0,0.0,30.0,20.0,0.0,0.0,80.4,11.166666666666666,2.757142857142857,0.0,37.7,20.17,,,2053.98,neg,0,0,0,0,0,0,0,0,0,0,1,0
0.0,60.0,10.0,2375.0,10.0,10.0,40.0,0.0,0.0,80.4,11.166666666666666,2.757142857142857,0.0,37.76,20.65,206.779998779297,8.22999954223633,2053.98,neg,0,0,0,0,0,0,0,0,0,0,1,0
10.0,30.0,0.0,3250.0,0.0,10.0,10.0,0.0,0.0,80.4,11.166666666666666,2.757142857142857,0.0,37.13,19.74,191.139999389648,,2053.98,neg,0,0,0,0,0,0,0,0,0,0,1,0
0.0,10.0,0.0,0.0,0.0,10.0,0.0,0.0,0.0,38.800000000000004,11.90952380952381,2.2952380952380955,50.70000000000001,38.0,16.5,244.289993286133,8.31999969482422,2028.1939999999997,neg,0,0,0,0,0,0,0,0,0,0,1,0
125.0,0.0,0.0,250.0,0.0,0.0,0.0,0.0,0.0,38.800000000000004,11.90952380952381,2.2952380952380955,50.70000000000001,,,,,2028.1939999999997,neg,0,0,0,0,0,0,0,0,0,0,1,0
0.0,40.0,0.0,625.0,0.0,20.0,20.0,0.0,0.0,38.800000000000004,11.90952380952381,2.2952380952380955,50.70000000000001,37.5,16.1,238.039993286133,8.32999992370605,2028.1939999999997,neg,0,0,0,0,0,0,0,0,0,0,1,0
250.0,10.0,0.0,500.0,0.0,0.0,0.0,10.0,0.0,197.09999999999997,16.495238095238093,3.0999999999999996,23.3,37.44,15.55,272.869995117188,8.3100004196167,1548.226,poz,0,0,0,0,1,0,0,0,0,0,0,0
135.0,0.0,0.0,0.0,0.0,0.0,0.0,0.0,0.0,197.09999999999997,16.495238095238093,3.0999999999999996,23.3,37.55,14.55,280.459991455078,8.27999973297119,1548.226,poz,0,0,0,0,1,0,0,0,0,0,0,0
125.0,40.0,0.0,0.0,0.0,0.0,0.0,30.0,0.0,197.09999999999997,16.495238095238093,3.0999999999999996,23.3,37.55,13.91,288.059997558594,,1548.226,poz,0,0,0,0,1,0,0,0,0,0,0,0
155.0,20.0,40.0,0.0,10.0,0.0,0.0,10.0,0.0,219.40000000000003,19.66190476190476,3.10952380952381,26.6,37.5,20.1,269.75,,1456.4250000000002,neg,0,0,0,0,1,0,0,0,0,0,0,0
270.0,50.0,10.0,0.0,20.0,0.0,10.0,20.0,0.0,219.40000000000003,19.66190476190476,3.10952380952381,26.6,36.6,22.8,246.970001220703,8.21000003814697,1456.4250000000002,neg,0,0,0,0,1,0,0,0,0,0,0,0
167.0,120.0,20.0,210833.0,100.0,0.0,0.0,0.0,0.0,138.10000000000002,20.357142857142854,2.623809523809524,65.1,36.6,22.8,246.970001220703,8.21000003814697,1507.3400000000001,neg,0,0,0,0,0,1,0,0,0,0,0,0
10.0,20.0,40.0,63000.0,20.0,0.0,0.0,0.0,0.0,138.10000000000002,20.357142857142854,2.623809523809524,65.1,37.5,20.1,269.75,,1507.3400000000001,neg,0,0,0,0,0,1,0,0,0,0,0,0
0.0,30.0,0.0,1000.0,20.0,0.0,10.0,0.0,0.0,271.0,24.676190476190477,3.385714285714286,5.0,37.2,24.8,221.960006713867,8.1899995803833,2004.143,neg,0,0,0,0,0,0,0,1,0,0,0,0
0.0,0.0,0.0,3500.0,0.0,0.0,0.0,0.0,0.0,271.0,24.676190476190477,3.385714285714286,5.0,37.4,23.8,207.220001220703,8.1899995803833,2004.143,neg,0,0,0,0,0,0,0,1,0,0,0,0
20.0,0.0,0.0,2500.0,0.0,0.0,0.0,0.0,0.0,271.0,24.676190476190477,3.385714285714286,5.0,37.2,23.7,209.460006713867,,2004.143,neg,0,0,0,0,0,0,0,1,0,0,0,0
0.0,0.0,0.0,1875.0,0.0,0.0,0.0,0.0,0.0,244.0,24.190476190476186,3.4047619047619047,6.5,37.2,23.7,209.460006713867,,1432.7929999999994,neg,0,0,0,0,0,0,0,1,0,0,0,0
0.0,10.0,0.0,2625.0,10.0,0.0,0.0,0.0,0.0,184.39999999999998,22.261904761904766,2.9857142857142858,49.199999999999996,,,,,928.4970000000001,neg,0,0,0,0,0,0,0,1,0,0,0,0
0.0,10.0,0.0,15500.0,0.0,0.0,0.0,0.0,0.0,184.39999999999998,22.261904761904766,2.9857142857142858,49.199999999999996,,,,,928.4970000000001,neg,0,0,0,0,0,0,0,1,0,0,0,0
125.0,20.0,0.0,2500.0,0.0,0.0,10.0,10.0,0.0,182.4,22.428571428571427,2.8095238095238093,58.599999999999994,37.9000015258789,24.5,212.580001831055,,881.5799999999999,neg,0,0,0,0,0,0,0,1,0,0,0,0
0.0,20.0,0.0,20250.0,0.0,0.0,20.0,0.0,0.0,182.4,22.428571428571427,2.8095238095238093,58.599999999999994,38.0,24.2,221.509994506836,8.17000007629395,881.5799999999999,neg,0,0,0,0,0,0,0,1,0,0,0,0
125.0,10.0,0.0,4625.0,10.0,0.0,0.0,0.0,0.0,182.4,22.428571428571427,2.8095238095238093,58.599999999999994,38.1,24.5,211.690002441406,8.1899995803833,881.5799999999999,neg,0,0,0,0,0,0,0,1,0,0,0,0
750.0,20.0,80.0,26000.0,0.0,10.0,10.0,0.0,0.0,163.5,20.7,3.3714285714285706,94.19999999999999,37.9000015258789,24.5,212.580001831055,,848.2089999999998,neg,0,0,0,0,0,0,0,0,1,0,0,0
250.0,0.0,0.0,83500.0,0.0,0.0,0.0,0.0,0.0,163.5,20.7,3.3714285714285706,94.19999999999999,38.0,24.2,221.509994506836,8.17000007629395,848.2089999999998,neg,0,0,0,0,0,0,0,0,1,0,0,0
135.0,70.0,0.0,56375.0,0.0,0.0,70.0,0.0,0.0,168.2,19.395238095238092,3.3857142857142852,87.6,38.1,24.5,211.690002441406,8.1899995803833,860.193,neg,0,0,0,0,0,0,0,0,1,0,0,0
125.0,10.0,10.0,82750.0,0.0,0.0,0.0,10.0,0.0,168.2,19.395238095238092,3.3857142857142852,87.6,38.0,24.2,221.509994506836,8.17000007629395,860.193,neg,0,0,0,0,0,0,0,0,1,0,0,0
0.0,10.0,0.0,69625.0,0.0,0.0,10.0,0.0,0.0,168.2,19.395238095238092,3.3857142857142852,87.6,37.9000015258789,24.5,212.580001831055,,860.193,neg,0,0,0,0,0,0,0,0,1,0,0,0
135.0,50.0,40.0,71500.0,0.0,0.0,50.0,0.0,0.0,176.5,17.56666666666667,3.6333333333333333,151.60000000000002,37.9000015258789,24.5,212.580001831055,,1794.243,neg,0,0,0,0,0,0,0,0,1,0,0,0
20.0,80.0,50.0,57250.0,0.0,0.0,50.0,10.0,0.0,176.5,17.56666666666667,3.6333333333333333,151.60000000000002,38.0,24.2,221.509994506836,8.17000007629395,1794.243,neg,0,0,0,0,0,0,0,0,1,0,0,0
0.0,40.0,0.0,14250.0,0.0,0.0,40.0,0.0,0.0,182.1,16.7047619047619,3.4333333333333336,86.19999999999999,38.0,20.9,208.119995117188,8.07999992370605,1929.1570000000004,neg,0,0,0,0,0,0,0,0,1,0,0,0
125.0,20.0,0.0,6375.0,0.0,0.0,20.0,0.0,0.0,182.1,16.7047619047619,3.4333333333333336,86.19999999999999,38.0,21.5,223.75,8.21000003814697,1929.1570000000004,neg,0,0,0,0,0,0,0,0,1,0,0,0
125.0,10.0,10.0,4125.0,0.0,0.0,10.0,0.0,0.0,182.1,16.7047619047619,3.4333333333333336,86.19999999999999,38.0,20.8,210.350006103516,,1929.1570000000004,neg,0,0,0,0,0,0,0,0,1,0,0,0
0.0,20.0,0.0,19125.0,0.0,0.0,20.0,0.0,0.0,169.70000000000002,16.166666666666668,3.5,179.4,38.0,20.8,210.350006103516,,3047.627,neg,0,0,0,0,0,0,0,0,0,1,0,0
125.0,10.0,0.0,4750.0,0.0,0.0,10.0,0.0,0.0,169.70000000000002,16.166666666666668,3.5,179.4,38.0,20.9,208.119995117188,8.07999992370605,3047.627,neg,0,0,0,0,0,0,0,0,0,1,0,0
0.0,30.0,0.0,14875.0,20.0,0.0,10.0,0.0,0.0,152.79999999999998,15.490476190476189,3.3999999999999995,203.10000000000002,38.0,21.5,223.75,8.21000003814697,3375.989,neg,0,0,0,0,0,0,0,0,0,1,0,0
0.0,20.0,0.0,127750.0,0.0,0.0,20.0,0.0,0.0,148.3,14.366666666666665,3.1285714285714294,126.29999999999998,38.0,20.9,208.119995117188,8.07999992370605,3560.4610000000007,neg,0,0,0,0,0,0,0,0,0,1,0,0
0.0,20.0,0.0,127750.0,0.0,0.0,20.0,0.0,0.0,148.3,14.366666666666665,3.1285714285714294,126.29999999999998,38.0,20.9,208.119995117188,8.07999992370605,3560.4610000000007,neg,0,0,0,0,0,0,0,0,0,1,0,0
0.0,0.0,0.0,152125.0,0.0,0.0,0.0,0.0,0.0,148.3,14.366666666666665,3.1285714285714294,126.29999999999998,38.0,20.8,210.350006103516,,3560.4610000000007,neg,0,0,0,0,0,0,0,0,0,1,0,0
0.0,0.0,0.0,152125.0,0.0,0.0,0.0,0.0,0.0,148.3,14.366666666666665,3.1285714285714294,126.29999999999998,38.0,20.8,210.350006103516,,3560.4610000000007,neg,0,0,0,0,0,0,0,0,0,1,0,0
0.0,0.0,0.0,14750.0,0.0,0.0,0.0,0.0,0.0,131.69999999999996,12.19047619047619,3.5999999999999996,42.9,37.73,19.0,199.179992675781,8.22000026702881,2531.782,neg,0,0,0,0,0,0,0,0,0,1,0,0
0.0,10.0,0.0,9375.0,0.0,10.0,0.0,0.0,0.0,131.69999999999996,12.19047619047619,3.5999999999999996,42.9,37.68,18.97,210.800003051758,8.19999980926514,2531.782,neg,0,0,0,0,0,0,0,0,0,1,0,0
125.0,0.0,0.0,53125.0,0.0,0.0,0.0,0.0,0.0,131.69999999999996,12.19047619047619,3.5999999999999996,42.9,37.66,18.99,218.389999389648,,2531.782,neg,0,0,0,0,0,0,0,0,0,1,0,0
0.0,30.0,0.0,0.0,0.0,10.0,20.0,0.0,0.0,94.59999999999998,10.804761904761904,3.7380952380952372,35.0,37.73,19.0,199.179992675781,8.22000026702881,1681.514,neg,0,0,0,0,0,0,0,0,0,0,1,0
0.0,40.0,0.0,875.0,10.0,10.0,20.0,0.0,0.0,94.59999999999998,10.804761904761904,3.7380952380952372,35.0,37.68,18.97,210.800003051758,8.19999980926514,1681.514,neg,0,0,0,0,0,0,0,0,0,0,1,0
375.0,10.0,10.0,0.0,10.0,0.0,0.0,0.0,0.0,94.59999999999998,10.804761904761904,3.7380952380952372,35.0,37.66,18.99,218.389999389648,,1681.514,neg,0,0,0,0,0,0,0,0,0,0,1,0
0.0,30.0,0.0,250.0,20.0,10.0,0.0,0.0,0.0,100.89999999999998,8.085714285714284,3.8000000000000007,9.6,37.68,15.6,234.020004272461,8.22999954223633,1467.3310000000001,neg,0,0,0,0,0,0,0,0,0,0,1,0
0.0,10.0,0.0,0.0,0.0,0.0,0.0,0.0,0.0,100.89999999999998,8.085714285714284,3.8000000000000007,9.6,24.27,14.73,239.380004882813,8.22000026702881,1467.3310000000001,neg,0,0,0,0,0,0,0,0,0,0,1,0
0.0,30.0,0.0,0.0,10.0,0.0,20.0,0.0,0.0,100.89999999999998,8.085714285714284,3.8000000000000007,9.6,37.7,14.4,231.339996337891,,1467.3310000000001,neg,0,0,0,0,0,0,0,0,0,0,1,0
0.0,50.0,0.0,625.0,40.0,10.0,0.0,0.0,0.0,66.9,7.890476190476188,3.7571428571428576,13.7,37.68,15.6,234.020004272461,8.22999954223633,1846.52,neg,0,0,0,0,0,0,0,0,0,0,1,0
0.0,80.0,0.0,250.0,0.0,60.0,20.0,0.0,0.0,29.6,7.4142857142857155,2.0952380952380953,45.2,38.0093994140625,,,,3630.076,neg,1,0,0,0,0,0,0,0,0,0,0,0
385.0,0.0,10.0,500.0,0.0,0.0,0.0,0.0,0.0,121.7,12.966666666666667,3.038095238095238,79.9,36.42,12.74,,,6058.785999999999,neg,0,0,0,1,0,0,0,0,0,0,0,0
10.0,10.0,40.0,0.0,0.0,0.0,10.0,0.0,0.0,172.20000000000002,16.81904761904762,2.8999999999999995,51.4,,,,,5076.584,poz,0,0,0,0,1,0,0,0,0,0,0,0
0.0,10.0,180.0,0.0,0.0,0.0,10.0,0.0,0.0,151.89999999999998,20.366666666666667,2.3142857142857145,45.2,36.47,19.08,237.589996337891,8.28999996185303,4694.375000000001,poz,0,0,0,0,0,1,0,0,0,0,0,0
0.0,10.0,30.0,1000.0,0.0,0.0,0.0,10.0,0.0,151.89999999999998,20.366666666666667,2.3142857142857145,45.2,36.87,18.48,254.559997558594,8.26000022888184,4694.375000000001,poz,0,0,0,0,0,1,0,0,0,0,0,0
0.0,80.0,30.0,0.0,0.0,0.0,40.0,40.0,0.0,151.89999999999998,20.366666666666667,2.3142857142857145,45.2,35.94,18.35,244.740005493164,8.27000045776367,4694.375000000001,poz,0,0,0,0,0,1,0,0,0,0,0,0
10.0,30.0,300.0,1250.0,0.0,0.0,0.0,30.0,0.0,155.20000000000002,20.39047619047619,2.480952380952381,118.40000000000002,37.27,20.88,231.339996337891,,4058.928000000001,neg,0,0,0,0,0,1,0,0,0,0,0,0
30.0,70.0,20.0,2375.0,0.0,0.0,20.0,50.0,0.0,155.20000000000002,20.39047619047619,2.480952380952381,118.40000000000002,36.41,21.55,237.589996337891,8.22999954223633,4058.928000000001,neg,0,0,0,0,0,1,0,0,0,0,0,0
50.0,30.0,10.0,0.0,10.0,0.0,0.0,20.0,0.0,155.20000000000002,20.39047619047619,2.480952380952381,118.40000000000002,36.68,21.46,249.199996948242,,4058.928000000001,neg,0,0,0,0,0,1,0,0,0,0,0,0
0.0,30.0,0.0,0.0,10.0,0.0,0.0,20.0,0.0,242.7,24.633333333333336,2.5047619047619043,19.5,37.27,20.88,231.339996337891,,3047.347,poz,0,0,0,0,0,0,1,0,0,0,0,0
0.0,50.0,0.0,750.0,30.0,0.0,0.0,20.0,0.0,242.7,24.633333333333336,2.5047619047619043,19.5,36.41,21.55,237.589996337891,8.22999954223633,3047.347,poz,0,0,0,0,0,0,1,0,0,0,0,0
125.0,70.0,0.0,375.0,30.0,0.0,0.0,40.0,0.0,242.7,24.633333333333336,2.5047619047619043,19.5,36.68,21.46,249.199996948242,,3047.347,poz,0,0,0,0,0,0,1,0,0,0,0,0
40.0,90.0,0.0,19625.0,10.0,0.0,0.0,80.0,0.0,231.30000000000004,24.347619047619048,2.7476190476190476,28.9,,,,,3093.6309999999994,neg,0,0,0,0,0,0,1,0,0,0,0,0
145.0,50.0,0.0,28375.0,20.0,0.0,0.0,30.0,0.0,231.30000000000004,24.347619047619048,2.7476190476190476,28.9,36.3676986694336,,,,3093.6309999999994,neg,0,0,0,0,0,0,1,0,0,0,0,0
0.0,130.0,0.0,26250.0,20.0,0.0,0.0,110.0,0.0,231.30000000000004,24.347619047619048,2.7476190476190476,28.9,,,,,3093.6309999999994,neg,0,0,0,0,0,0,1,0,0,0,0,0
520.0,70.0,30.0,71500.0,40.0,0.0,10.0,20.0,0.0,219.6,23.02857142857143,2.8904761904761904,34.8,34.07,26.36,210.350006103516,8.25,3279.4489999999996,neg,0,0,0,0,0,0,1,0,0,0,0,0
415.0,140.0,0.0,47750.0,80.0,0.0,10.0,50.0,0.0,219.6,23.02857142857143,2.8904761904761904,34.8,34.5009994506836,,,,3279.4489999999996,neg,0,0,0,0,0,0,1,0,0,0,0,0
135.0,40.0,60.0,40625.0,0.0,0.0,0.0,40.0,0.0,219.6,23.02857142857143,2.8904761904761904,34.8,33.56,25.5,216.600006103516,,3279.4489999999996,neg,0,0,0,0,0,0,1,0,0,0,0,0
125.0,20.0,10.0,47500.0,10.0,0.0,0.0,10.0,0.0,246.29999999999998,24.76666666666667,3.0476190476190474,28.0,33.61,26.01,213.470001220703,8.3100004196167,2764.4980000000014,neg,0,0,0,0,0,0,0,1,0,0,0,0
0.0,0.0,10.0,24375.0,0.0,0.0,0.0,0.0,0.0,246.29999999999998,24.76666666666667,3.0476190476190474,28.0,34.07,26.36,210.350006103516,8.25,2764.4980000000014,neg,0,0,0,0,0,0,0,1,0,0,0,0
0.0,10.0,0.0,32875.0,0.0,0.0,0.0,10.0,0.0,246.29999999999998,24.76666666666667,3.0476190476190474,28.0,33.56,25.5,216.600006103516,,2764.4980000000014,neg,0,0,0,0,0,0,0,1,0,0,0,0
10.0,10.0,0.0,19500.0,0.0,10.0,0.0,0.0,0.0,227.19999999999996,22.333333333333332,3.2952380952380955,103.39999999999999,999.0,,,,1652.6119999999996,neg,0,0,0,0,0,0,0,1,0,0,0,0
0.0,50.0,0.0,11000.0,10.0,20.0,20.0,0.0,0.0,227.19999999999996,22.333333333333332,3.2952380952380955,103.39999999999999,37.11,25.61,204.539993286133,8.10000038146973,1652.6119999999996,neg,0,0,0,0,0,0,0,1,0,0,0,0
125.0,130.0,40.0,11250.0,0.0,110.0,20.0,0.0,0.0,227.19999999999996,22.333333333333332,3.2952380952380955,103.39999999999999,36.74,25.76,204.100006103516,8.09000015258789,1652.6119999999996,neg,0,0,0,0,0,0,0,1,0,0,0,0
0.0,20.0,10.0,6750.0,10.0,0.0,0.0,10.0,0.0,206.69999999999996,21.74761904761905,3.014285714285714,78.3,37.11,25.61,204.539993286133,8.10000038146973,1549.7139999999997,neg,0,0,0,0,0,0,0,0,1,0,0,0
0.0,30.0,0.0,51500.0,10.0,20.0,0.0,0.0,0.0,206.69999999999996,21.74761904761905,3.014285714285714,78.3,36.65,,,,1549.7139999999997,neg,0,0,0,0,0,0,0,0,1,0,0,0
125.0,20.0,0.0,49750.0,0.0,10.0,10.0,0.0,0.0,211.90000000000003,22.385714285714286,3.0476190476190474,22.5,36.74,25.76,204.100006103516,8.09000015258789,1705.3039999999996,neg,0,0,0,0,0,0,0,0,1,0,0,0
135.0,0.0,0.0,4000.0,0.0,0.0,0.0,0.0,0.0,211.90000000000003,22.385714285714286,3.0476190476190474,22.5,36.65,,,,1705.3039999999996,neg,0,0,0,0,0,0,0,0,1,0,0,0
0.0,20.0,10.0,6750.0,10.0,0.0,10.0,0.0,0.0,211.90000000000003,22.385714285714286,3.0476190476190474,22.5,37.11,25.61,204.539993286133,8.10000038146973,1705.3039999999996,neg,0,0,0,0,0,0,0,0,1,0,0,0
0.0,10.0,0.0,1125.0,10.0,0.0,0.0,0.0,0.0,145.9,18.19047619047619,2.980952380952381,19.6,37.25,25.28,190.699996948242,,1496.1220000000003,neg,0,0,0,0,0,0,0,0,1,0,0,0
10.0,30.0,0.0,13000.0,20.0,0.0,0.0,0.0,0.0,145.9,18.19047619047619,2.980952380952381,19.6,37.3829002380371,,,,1496.1220000000003,neg,0,0,0,0,0,0,0,0,1,0,0,0
10.0,10.0,0.0,39375.0,10.0,0.0,0.0,0.0,0.0,145.9,18.19047619047619,2.980952380952381,19.6,37.4,25.27,200.080001831055,8.21000003814697,1496.1220000000003,neg,0,0,0,0,0,0,0,0,1,0,0,0
20.0,20.0,0.0,65250.0,0.0,20.0,0.0,0.0,0.0,113.19999999999999,15.276190476190473,3.080952380952381,18.400000000000002,37.4,25.27,200.080001831055,8.21000003814697,1303.5460000000003,neg,0,0,0,0,0,0,0,0,1,0,0,0
30.0,20.0,20.0,29625.0,0.0,20.0,0.0,0.0,0.0,113.19999999999999,15.276190476190473,3.080952380952381,18.400000000000002,37.26,25.46,198.740005493164,8.21000003814697,1303.5460000000003,neg,0,0,0,0,0,0,0,0,1,0,0,0
0.0,0.0,0.0,22250.0,0.0,0.0,0.0,0.0,0.0,113.19999999999999,15.276190476190473,3.080952380952381,18.400000000000002,37.25,25.28,190.699996948242,,1303.5460000000003,neg,0,0,0,0,0,0,0,0,1,0,0,0
135.0,50.0,0.0,21375.0,10.0,0.0,30.0,10.0,0.0,100.3,14.176190476190476,3.223809523809524,7.699999999999999,37.4,25.27,200.080001831055,8.21000003814697,1276.356,neg,0,0,0,0,0,0,0,0,0,1,0,0
250.0,40.0,0.0,93000.0,0.0,0.0,30.0,10.0,0.0,100.3,14.176190476190476,3.223809523809524,7.699999999999999,37.25,25.28,190.699996948242,,1276.356,neg,0,0,0,0,0,0,0,0,0,1,0,0
260.0,80.0,10.0,62250.0,0.0,0.0,50.0,10.0,0.0,100.3,14.176190476190476,3.223809523809524,7.699999999999999,37.26,25.46,198.740005493164,8.21000003814697,1276.356,neg,0,0,0,0,0,0,0,0,0,1,0,0
0.0,20.0,0.0,36500.0,0.0,0.0,10.0,0.0,0.0,126.00000000000001,14.728571428571426,3.357142857142857,6.8,37.86,,,,1058.7210000000002,neg,0,0,0,0,0,0,0,0,0,1,0,0
0.0,10.0,0.0,33875.0,0.0,10.0,0.0,0.0,0.0,126.00000000000001,14.728571428571426,3.357142857142857,6.8,,,,,1058.7210000000002,neg,0,0,0,0,0,0,0,0,0,1,0,0
10.0,50.0,10.0,41625.0,0.0,10.0,40.0,0.0,0.0,126.00000000000001,14.728571428571426,3.357142857142857,6.8,,,,,1058.7210000000002,neg,0,0,0,0,0,0,0,0,0,1,0,0
30.0,60.0,0.0,49875.0,0.0,0.0,50.0,0.0,0.0,123.6,14.419047619047618,3.1095238095238096,13.0,37.49,18.99,213.470001220703,8.38000011444092,1006.9830000000002,neg,0,0,0,0,0,0,0,0,0,1,0,0
20.0,20.0,10.0,53000.0,0.0,0.0,20.0,0.0,0.0,123.6,14.419047619047618,3.1095238095238096,13.0,37.51,19.0,213.470001220703,,1006.9830000000002,neg,0,0,0,0,0,0,0,0,0,1,0,0
10.0,20.0,0.0,50625.0,0.0,0.0,20.0,0.0,0.0,123.6,14.419047619047618,3.1095238095238096,13.0,37.86,,,,1006.9830000000002,neg,0,0,0,0,0,0,0,0,0,1,0,0
125.0,90.0,10.0,7000.0,0.0,40.0,30.0,0.0,0.0,85.8,14.757142857142856,3.2904761904761908,63.1,37.4721984863281,,,,3709.8850000000007,neg,0,0,0,0,0,0,0,0,0,0,1,0
0.0,50.0,0.0,3000.0,10.0,30.0,10.0,0.0,0.0,85.8,14.757142857142856,3.2904761904761908,63.1,37.49,18.99,213.470001220703,8.38000011444092,3709.8850000000007,neg,0,0,0,0,0,0,0,0,0,0,1,0
0.0,70.0,0.0,6000.0,0.0,30.0,30.0,0.0,0.0,85.8,14.757142857142856,3.2904761904761908,63.1,37.51,19.0,213.470001220703,,3709.8850000000007,neg,0,0,0,0,0,0,0,0,0,0,1,0
280.0,0.0,0.0,750.0,0.0,0.0,0.0,0.0,0.0,68.8,12.085714285714285,2.4333333333333336,139.59999999999997,,,,,5937.310000000002,neg,0,0,0,0,0,0,0,0,0,0,1,0
125.0,20.0,0.0,2000.0,0.0,0.0,10.0,0.0,0.0,68.8,12.085714285714285,2.4333333333333336,139.59999999999997,37.24,,,,5937.310000000002,neg,0,0,0,0,0,0,0,0,0,0,1,0
0.0,30.0,0.0,0.0,0.0,10.0,10.0,0.0,0.0,68.8,12.085714285714285,2.4333333333333336,139.59999999999997,,,,,5937.310000000002,neg,0,0,0,0,0,0,0,0,0,0,1,0
10.0,0.0,0.0,19000.0,0.0,0.0,0.0,0.0,0.0,72.90000000000002,7.419047619047619,3.1809523809523808,79.2,36.8,14.8,255.460006713867,8.18000030517578,4760.911999999999,neg,0,0,0,0,0,0,0,0,0,0,0,1
0.0,0.0,0.0,5875.0,0.0,0.0,0.0,0.0,0.0,72.90000000000002,7.419047619047619,3.1809523809523808,79.2,35.2346000671387,,,,4760.911999999999,neg,0,0,0,0,0,0,0,0,0,0,0,1
125.0,0.0,0.0,1875.0,0.0,0.0,0.0,0.0,0.0,72.90000000000002,7.419047619047619,3.1809523809523808,79.2,36.97,15.62,247.419998168945,8.19999980926514,4760.911999999999,neg,0,0,0,0,0,0,0,0,0,0,0,1
0.0,0.0,0.0,15500.0,0.0,0.0,0.0,0.0,0.0,125.20000000000002,7.461904761904761,3.0952380952380953,37.4,,,,,3340.326,neg,0,0,1,0,0,0,0,0,0,0,0,0
225.0,0.0,30.0,42500.0,0.0,0.0,0.0,0.0,0.0,154.59999999999997,13.304761904761904,3.3285714285714287,92.29999999999998,37.03,10.33,255.009994506836,8.23999977111816,8335.838999999998,neg,0,0,0,1,0,0,0,0,0,0,0,0
0.0,0.0,10.0,6250.0,0.0,0.0,0.0,0.0,0.0,154.59999999999997,13.304761904761904,3.3285714285714287,92.29999999999998,37.21,10.29,270.640014648438,,8335.838999999998,neg,0,0,0,1,0,0,0,0,0,0,0,0
0.0,0.0,10.0,625.0,0.0,0.0,0.0,0.0,0.0,154.59999999999997,13.304761904761904,3.3285714285714287,92.29999999999998,37.05,10.91,262.600006103516,8.22000026702881,8335.838999999998,neg,0,0,0,1,0,0,0,0,0,0,0,0
125.0,190.0,10.0,0.0,10.0,0.0,10.0,0.0,0.0,139.29999999999998,15.314285714285715,2.966666666666667,29.699999999999996,36.85,14.12,238.479995727539,,4006.390999999999,neg,0,0,0,0,1,0,0,0,0,0,0,0
500.0,70.0,50.0,625.0,0.0,0.0,0.0,60.0,0.0,139.29999999999998,15.314285714285715,2.966666666666667,29.699999999999996,37.23,14.25,231.339996337891,8.22999954223633,4006.390999999999,neg,0,0,0,0,1,0,0,0,0,0,0,0
375.0,90.0,30.0,6500.0,0.0,0.0,10.0,80.0,0.0,139.29999999999998,15.314285714285715,2.966666666666667,29.699999999999996,36.79,13.87,245.630004882813,8.23999977111816,4006.390999999999,poz,0,0,0,0,1,0,0,0,0,0,0,0
0.0,150.0,50.0,375.0,0.0,0.0,0.0,120.0,0.0,213.6,20.352380952380955,3.1999999999999993,18.5,33.83,19.2,215.710006713867,8.30000019073486,3789.158,poz,0,0,0,0,1,0,0,0,0,0,0,0
270.0,50.0,50.0,750.0,0.0,0.0,0.0,40.0,0.0,213.6,20.352380952380955,3.1999999999999993,18.5,35.19,18.83,217.490005493164,8.25,3789.158,poz,0,0,0,0,1,0,0,0,0,0,0,0
40.0,210.0,60.0,4250.0,20.0,0.0,30.0,150.0,0.0,208.2,20.20476190476191,3.1285714285714286,21.9,33.47,19.78,214.369995117188,8.21000003814697,3060.9489999999996,neg,0,0,0,0,0,1,0,0,0,0,0,0
280.0,150.0,160.0,0.0,70.0,0.0,0.0,80.0,0.0,197.39999999999998,20.595238095238095,3.5523809523809526,22.900000000000002,35.19,18.83,217.490005493164,8.25,3706.6560000000004,poz,0,0,0,0,0,1,0,0,0,0,0,0
465.0,240.0,60.0,0.0,0.0,0.0,0.0,230.0,0.0,197.39999999999998,20.595238095238095,3.5523809523809526,22.900000000000002,33.83,19.2,215.710006713867,8.30000019073486,3706.6560000000004,poz,0,0,0,0,0,1,0,0,0,0,0,0
310.0,210.0,120.0,0.0,10.0,0.0,0.0,200.0,0.0,197.39999999999998,20.595238095238095,3.5523809523809526,22.900000000000002,33.47,19.78,214.369995117188,8.21000003814697,3706.6560000000004,neg,0,0,0,0,0,1,0,0,0,0,0,0
10.0,410.0,40.0,1500.0,10.0,0.0,50.0,350.0,0.0,194.69999999999996,20.552380952380954,3.276190476190476,7.0,,,,,3707.952000000001,poz,0,0,0,0,0,1,0,0,0,0,0,0
130.0,350.0,60.0,3250.0,70.0,0.0,20.0,260.0,0.0,194.69999999999996,20.552380952380954,3.276190476190476,7.0,,,,,3707.952000000001,neg,0,0,0,0,0,1,0,0,0,0,0,0
10.0,530.0,1280.0,3000.0,50.0,0.0,0.0,480.0,0.0,194.69999999999996,20.552380952380954,3.276190476190476,7.0,,,,,3707.952000000001,poz,0,0,0,0,0,1,0,0,0,0,0,0
0.0,30.0,10.0,7875.0,0.0,0.0,10.0,10.0,0.0,172.49999999999997,21.500000000000004,2.804761904761905,87.1,34.44,22.53,,8.27999973297119,3840.2160000000003,neg,0,0,0,0,0,0,1,0,0,0,0,0
135.0,80.0,20.0,13000.0,0.0,0.0,40.0,20.0,0.0,172.49999999999997,21.500000000000004,2.804761904761905,87.1,34.64,23.06,216.600006103516,,3840.2160000000003,poz,0,0,0,0,0,0,1,0,0,0,0,0
0.0,170.0,60.0,3500.0,120.0,10.0,30.0,10.0,0.0,188.29999999999998,22.495238095238097,2.5047619047619043,7.300000000000001,34.44,22.53,,8.27999973297119,4252.4220000000005,neg,0,0,0,0,0,0,1,0,0,0,0,0
0.0,40.0,0.0,3500.0,0.0,0.0,0.0,40.0,0.0,188.29999999999998,22.495238095238097,2.5047619047619043,7.300000000000001,34.64,23.06,216.600006103516,,4252.4220000000005,neg,0,0,0,0,0,0,1,0,0,0,0,0
50.0,120.0,120.0,5625.0,90.0,0.0,30.0,0.0,0.0,188.29999999999998,22.495238095238097,2.5047619047619043,7.300000000000001,34.3,22.31,274.660003662109,8.27000045776367,4252.4220000000005,neg,0,0,0,0,0,0,1,0,0,0,0,0
10.0,270.0,20.0,875.0,90.0,10.0,50.0,120.0,0.0,254.59999999999997,22.842857142857138,3.0,16.7,34.89,24.46,211.240005493164,8.30000019073486,3779.8910000000005,poz,0,0,0,0,0,0,1,0,0,0,0,0
0.0,160.0,40.0,1500.0,40.0,0.0,0.0,120.0,0.0,254.59999999999997,22.842857142857138,3.0,16.7,35.61,24.86,211.240005493164,,3779.8910000000005,poz,0,0,0,0,0,0,1,0,0,0,0,0
20.0,190.0,670.0,1125.0,130.0,20.0,10.0,30.0,0.0,254.59999999999997,22.842857142857138,3.0,16.7,35.26,21.52,211.240005493164,8.30000019073486,3779.8910000000005,neg,0,0,0,0,0,0,1,0,0,0,0,0
20.0,200.0,380.0,125.0,110.0,10.0,40.0,30.0,0.0,239.2,24.29523809523809,3.3285714285714287,18.3,35.26,21.52,211.240005493164,8.30000019073486,2092.142,neg,0,0,0,0,0,0,0,1,0,0,0,0
10.0,210.0,0.0,2000.0,120.0,10.0,10.0,70.0,0.0,239.2,24.29523809523809,3.3285714285714287,18.3,35.61,24.86,211.240005493164,,2092.142,neg,0,0,0,0,0,0,0,1,0,0,0,0
250.0,50.0,0.0,875.0,30.0,0.0,10.0,10.0,0.0,249.0,24.280952380952378,3.0047619047619043,14.4,35.74,25.51,202.759994506836,8.13000011444092,1394.6009999999999,neg,0,0,0,0,0,0,0,1,0,0,0,0
0.0,180.0,30.0,2000.0,150.0,0.0,10.0,20.0,0.0,249.0,24.280952380952378,3.0047619047619043,14.4,35.34,26.27,199.630004882813,8.15999984741211,1394.6009999999999,neg,0,0,0,0,0,0,0,1,0,0,0,0
0.0,40.0,0.0,1500.0,40.0,0.0,0.0,0.0,0.0,249.0,24.280952380952378,3.0047619047619043,14.4,35.38,25.92,201.419998168945,8.17000007629395,1394.6009999999999,neg,0,0,0,0,0,0,0,1,0,0,0,0
20.0,130.0,0.0,1750.0,130.0,0.0,0.0,0.0,0.0,243.4,23.652380952380952,3.0190476190476185,24.3,35.74,25.51,202.759994506836,8.13000011444092,1231.105,neg,0,0,0,0,0,0,0,0,1,0,0,0
135.0,40.0,0.0,1000.0,40.0,0.0,0.0,0.0,0.0,243.4,23.652380952380952,3.0190476190476185,24.3,35.34,26.27,199.630004882813,8.15999984741211,1231.105,neg,0,0,0,0,0,0,0,0,1,0,0,0
10.0,190.0,0.0,1375.0,190.0,0.0,0.0,0.0,0.0,243.4,23.652380952380952,3.0190476190476185,24.3,35.38,25.92,201.419998168945,8.17000007629395,1231.105,neg,0,0,0,0,0,0,0,0,1,0,0,0
250.0,60.0,0.0,750.0,40.0,0.0,20.0,0.0,0.0,226.1,22.65238095238095,3.347619047619048,23.5,35.38,25.92,201.419998168945,8.17000007629395,1590.533,neg,0,0,0,0,0,0,0,0,1,0,0,0
375.0,140.0,0.0,250.0,120.0,0.0,0.0,20.0,0.0,226.1,22.65238095238095,3.347619047619048,23.5,35.74,25.51,202.759994506836,8.13000011444092,1590.533,neg,0,0,0,0,0,0,0,0,1,0,0,0
260.0,60.0,20.0,1000.0,40.0,10.0,10.0,0.0,0.0,226.1,22.65238095238095,3.347619047619048,23.5,35.34,26.27,199.630004882813,8.15999984741211,1590.533,neg,0,0,0,0,0,0,0,0,1,0,0,0
135.0,10.0,0.0,625.0,0.0,0.0,10.0,0.0,0.0,169.9,21.276190476190475,3.2428571428571424,43.9,,,,,1806.7720000000002,neg,0,0,0,0,0,0,0,0,1,0,0,0
0.0,40.0,0.0,500.0,10.0,10.0,10.0,0.0,0.0,169.9,21.276190476190475,3.2428571428571424,43.9,,,,,1806.7720000000002,neg,0,0,0,0,0,0,0,0,1,0,0,0
125.0,10.0,0.0,375.0,10.0,0.0,0.0,0.0,0.0,169.9,21.276190476190475,3.2428571428571424,43.9,,,,,1806.7720000000002,neg,0,0,0,0,0,0,0,0,1,0,0,0
10.0,10.0,0.0,0.0,0.0,0.0,10.0,0.0,0.0,152.99999999999997,20.295238095238094,3.066666666666667,54.699999999999996,36.06,22.3,205.880004882813,8.27000045776367,2223.05,neg,0,0,0,0,0,0,0,0,1,0,0,0
0.0,40.0,10.0,0.0,40.0,0.0,0.0,0.0,0.0,152.99999999999997,20.295238095238094,3.066666666666667,54.699999999999996,36.47,22.52,217.490005493164,8.23999977111816,2223.05,neg,0,0,0,0,0,0,0,0,1,0,0,0
125.0,10.0,0.0,0.0,10.0,0.0,0.0,0.0,0.0,152.99999999999997,20.295238095238094,3.066666666666667,54.699999999999996,36.67,23.04,213.919998168945,8.23999977111816,2223.05,neg,0,0,0,0,0,0,0,0,1,0,0,0
0.0,30.0,0.0,0.0,30.0,0.0,0.0,0.0,0.0,155.40000000000003,19.44761904761905,2.6523809523809527,54.699999999999996,36.06,22.3,205.880004882813,8.27000045776367,2303.7870000000003,neg,0,0,0,0,0,0,0,0,1,0,0,0
0.0,70.0,0.0,0.0,50.0,0.0,10.0,10.0,0.0,155.40000000000003,19.44761904761905,2.6523809523809527,54.699999999999996,36.47,22.52,217.490005493164,8.23999977111816,2303.7870000000003,neg,0,0,0,0,0,0,0,0,1,0,0,0
10.0,40.0,0.0,0.0,40.0,0.0,0.0,0.0,0.0,155.40000000000003,19.44761904761905,2.6523809523809527,54.699999999999996,36.67,23.04,213.919998168945,8.23999977111816,2303.7870000000003,neg,0,0,0,0,0,0,0,0,1,0,0,0
0.0,160.0,0.0,0.0,130.0,10.0,20.0,0.0,0.0,169.50000000000003,18.59523809523809,2.9000000000000004,49.599999999999994,36.47,22.52,217.490005493164,8.23999977111816,1769.9410000000003,neg,0,0,0,0,0,0,0,0,0,1,0,0
125.0,20.0,0.0,0.0,10.0,0.0,10.0,0.0,0.0,169.50000000000003,18.59523809523809,2.9000000000000004,49.599999999999994,36.06,22.3,205.880004882813,8.27000045776367,1769.9410000000003,neg,0,0,0,0,0,0,0,0,0,1,0,0
0.0,40.0,0.0,0.0,40.0,0.0,0.0,0.0,0.0,169.50000000000003,18.59523809523809,2.9000000000000004,49.599999999999994,36.67,23.04,213.919998168945,8.23999977111816,1769.9410000000003,neg,0,0,0,0,0,0,0,0,0,1,0,0
0.0,20.0,0.0,0.0,0.0,0.0,20.0,0.0,0.0,152.7,17.58095238095238,2.8571428571428568,42.5,36.47,22.52,217.490005493164,8.23999977111816,1684.139,neg,0,0,0,0,0,0,0,0,0,1,0,0
10.0,20.0,0.0,0.0,0.0,10.0,10.0,0.0,0.0,152.7,17.58095238095238,2.8571428571428568,42.5,36.06,22.3,205.880004882813,8.27000045776367,1684.139,neg,0,0,0,0,0,0,0,0,0,1,0,0
0.0,40.0,10.0,0.0,10.0,10.0,10.0,0.0,0.0,152.7,17.58095238095238,2.8571428571428568,42.5,36.67,23.04,213.919998168945,8.23999977111816,1684.139,neg,0,0,0,0,0,0,0,0,0,1,0,0
135.0,20.0,0.0,0.0,0.0,0.0,20.0,0.0,0.0,132.4,13.957142857142859,3.2857142857142856,42.5,36.45,21.03,219.279998779297,8.23999977111816,1187.5769999999995,neg,0,0,0,0,0,0,0,0,0,1,0,0
125.0,0.0,0.0,0.0,0.0,0.0,0.0,0.0,0.0,132.4,13.957142857142859,3.2857142857142856,42.5,36.44,20.86,230.889999389648,,1187.5769999999995,neg,0,0,0,0,0,0,0,0,0,1,0,0
0.0,10.0,0.0,0.0,10.0,0.0,0.0,0.0,0.0,132.4,13.957142857142859,3.2857142857142856,42.5,36.45,21.02,196.949996948242,8.23999977111816,1187.5769999999995,neg,0,0,0,0,0,0,0,0,0,1,0,0
0.0,0.0,0.0,375.0,0.0,0.0,0.0,0.0,0.0,119.9,12.761904761904763,3.3190476190476192,46.900000000000006,36.45,21.03,219.279998779297,8.23999977111816,1893.7000000000003,neg,0,0,0,0,0,0,0,0,0,1,0,0
0.0,30.0,0.0,375.0,30.0,0.0,0.0,0.0,0.0,119.9,12.761904761904763,3.3190476190476192,46.900000000000006,36.44,20.86,230.889999389648,,1893.7000000000003,neg,0,0,0,0,0,0,0,0,0,1,0,0
0.0,40.0,0.0,875.0,20.0,0.0,20.0,0.0,0.0,119.9,12.761904761904763,3.3190476190476192,46.900000000000006,36.45,21.02,196.949996948242,8.23999977111816,1893.7000000000003,neg,0,0,0,0,0,0,0,0,0,1,0,0
0.0,10.0,0.0,8875.0,10.0,0.0,0.0,0.0,0.0,87.49999999999999,10.166666666666668,2.9714285714285715,130.60000000000002,36.45,21.02,196.949996948242,8.23999977111816,2851.177,neg,0,0,0,0,0,0,0,0,0,0,1,0
0.0,10.0,0.0,3625.0,10.0,0.0,0.0,0.0,0.0,87.49999999999999,10.166666666666668,2.9714285714285715,130.60000000000002,36.45,21.03,219.279998779297,8.23999977111816,2851.177,neg,0,0,0,0,0,0,0,0,0,0,1,0
0.0,10.0,0.0,6625.0,10.0,0.0,0.0,0.0,0.0,87.49999999999999,10.166666666666668,2.9714285714285715,130.60000000000002,36.44,20.86,230.889999389648,,2851.177,neg,0,0,0,0,0,0,0,0,0,0,1,0
0.0,50.0,0.0,7375.0,30.0,0.0,10.0,0.0,0.0,27.3,10.623809523809523,1.5619047619047621,65.0,36.99,15.58,244.740005493164,8.22999954223633,2647.297,neg,0,0,0,0,0,0,0,0,0,0,1,0
0.0,20.0,0.0,10875.0,20.0,0.0,0.0,0.0,0.0,27.3,10.623809523809523,1.5619047619047621,65.0,36.93,15.27,307.709991455078,8.13000011444092,2647.297,neg,0,0,0,0,0,0,0,0,0,0,1,0
0.0,30.0,0.0,19875.0,20.0,10.0,0.0,0.0,0.0,27.3,10.623809523809523,1.5619047619047621,65.0,36.29,15.26,295.649993896484,8.21000003814697,2647.297,neg,0,0,0,0,0,0,0,0,0,0,1,0
50.0,0.0,0.0,3750.0,0.0,0.0,0.0,0.0,0.0,107.60000000000001,5.138095238095239,3.942857142857142,13.9,37.2,9.24,242.059997558594,8.18000030517578,5673.168000000001,neg,0,0,1,0,0,0,0,0,0,0,0,0
145.0,0.0,0.0,625.0,0.0,0.0,0.0,0.0,0.0,107.60000000000001,5.138095238095239,3.942857142857142,13.9,37.6699981689453,9.47999954223633,240.270004272461,8.30000019073486,5673.168000000001,neg,0,0,1,0,0,0,0,0,0,0,0,0
10.0,0.0,0.0,15000.0,0.0,0.0,0.0,0.0,0.0,107.60000000000001,5.138095238095239,3.942857142857142,13.9,37.63,8.97,243.399993896484,8.19999980926514,5673.168000000001,neg,0,0,1,0,0,0,0,0,0,0,0,0
145.0,0.0,10.0,19750.0,0.0,0.0,0.0,0.0,0.0,135.6,11.233333333333334,3.6714285714285713,40.6,37.4900016784668,8.98999977111816,241.610000610352,8.19999980926514,3619.056,neg,0,0,0,1,0,0,0,0,0,0,0,0
250.0,10.0,0.0,8125.0,0.0,0.0,0.0,0.0,0.0,135.6,11.233333333333334,3.6714285714285713,40.6,37.46,8.75,243.839996337891,,3619.056,neg,0,0,0,1,0,0,0,0,0,0,0,0
985.0,0.0,20.0,67000.0,0.0,0.0,0.0,0.0,0.0,135.6,11.233333333333334,3.6714285714285713,40.6,37.36,8.61,244.740005493164,8.0,3619.056,neg,0,0,0,1,0,0,0,0,0,0,0,0
510.0,0.0,30.0,4000.0,0.0,0.0,0.0,0.0,0.0,168.29999999999998,13.252380952380953,2.9000000000000004,14.499999999999998,34.2299995422363,12.9700002670288,255.220001220703,8.07999992370605,3278.2640000000015,neg,0,0,0,1,0,0,0,0,0,0,0,0
510.0,0.0,20.0,625.0,0.0,0.0,0.0,0.0,0.0,168.29999999999998,13.252380952380953,2.9000000000000004,14.499999999999998,36.53,12.36,251.880004882813,,3278.2640000000015,neg,0,0,0,1,0,0,0,0,0,0,0,0
125.0,10.0,40.0,3875.0,0.0,0.0,10.0,0.0,0.0,168.29999999999998,13.252380952380953,2.9000000000000004,14.499999999999998,36.77,11.42,257.410003662109,8.30000019073486,3278.2640000000015,neg,0,0,0,1,0,0,0,0,0,0,0,0
165.0,80.0,580.0,1500.0,40.0,0.0,10.0,20.0,0.0,123.80000000000001,16.123809523809523,2.6619047619047627,55.9,37.03,11.79,254.960006713867,8.27000045776367,5463.947999999999,neg,0,0,0,0,1,0,0,0,0,0,0,0
125.0,60.0,130.0,375.0,10.0,0.0,50.0,0.0,0.0,123.80000000000001,16.123809523809523,2.6619047619047627,55.9,36.77,11.42,257.410003662109,8.30000019073486,5463.947999999999,poz,0,0,0,0,1,0,0,0,0,0,0,0
425.0,10.0,40.0,875.0,10.0,0.0,0.0,0.0,0.0,123.80000000000001,16.123809523809523,2.6619047619047627,55.9,36.53,12.36,251.880004882813,,5463.947999999999,poz,0,0,0,0,1,0,0,0,0,0,0,0
810.0,80.0,520.0,500.0,60.0,0.0,10.0,10.0,0.0,141.3,16.400000000000002,3.0428571428571427,58.80000000000001,36.1399993896484,16.7800006866455,211.690002441406,8.19999980926514,6779.052,poz,0,0,0,0,1,0,0,0,0,0,0,0
1745.0,110.0,1790.0,2000.0,70.0,0.0,10.0,30.0,0.0,141.3,16.400000000000002,3.0428571428571427,58.80000000000001,29.67,18.26,248.160003662109,8.26000022888184,6779.052,poz,0,0,0,0,1,0,0,0,0,0,0,0
460.0,140.0,160.0,875.0,110.0,0.0,20.0,0.0,0.0,203.2,18.961904761904766,2.8809523809523805,78.60000000000001,29.67,18.26,248.160003662109,8.26000022888184,5172.813999999999,neg,0,0,0,0,0,1,0,0,0,0,0,0
200.0,150.0,140.0,375.0,40.0,0.0,20.0,80.0,0.0,203.2,18.961904761904766,2.8809523809523805,78.60000000000001,35.23,17.77,241.009994506836,8.27999973297119,5172.813999999999,poz,0,0,0,0,0,1,0,0,0,0,0,0
280.0,270.0,60.0,375.0,160.0,0.0,40.0,70.0,0.0,203.2,18.961904761904766,2.8809523809523805,78.60000000000001,34.3,19.02,200.429992675781,8.26000022888184,5172.813999999999,poz,0,0,0,0,0,1,0,0,0,0,0,0
150.0,230.0,90.0,875.0,110.0,0.0,10.0,100.0,0.0,218.4,20.46666666666667,2.7000000000000006,78.60000000000001,29.2099990844727,16.5300006866455,263.290008544922,8.3100004196167,3350.9349999999995,poz,0,0,0,0,0,1,0,0,0,0,0,0
370.0,260.0,90.0,2000.0,130.0,0.0,90.0,40.0,0.0,218.4,20.46666666666667,2.7000000000000006,78.60000000000001,,,,,3350.9349999999995,neg,0,0,0,0,0,1,0,0,0,0,0,0
80.0,630.0,30.0,4250.0,550.0,0.0,30.0,40.0,0.0,192.29999999999995,20.728571428571428,2.6428571428571432,72.39999999999999,31.8099994659424,22.25,176.190002441406,8.23999977111816,3437.215,poz,0,0,0,0,0,1,0,0,0,0,0,0
40.0,520.0,30.0,2750.0,470.0,0.0,10.0,40.0,0.0,192.29999999999995,20.728571428571428,2.6428571428571432,72.39999999999999,29.31,25.46,239.860000610352,8.31999969482422,3437.215,neg,0,0,0,0,0,1,0,0,0,0,0,0
350.0,720.0,0.0,2500.0,630.0,0.0,40.0,50.0,0.0,192.29999999999995,20.728571428571428,2.6428571428571432,72.39999999999999,30.69,26.01,233.080001831055,8.27999973297119,3437.215,neg,0,0,0,0,0,1,0,0,0,0,0,0
20.0,460.0,10.0,673500.0,380.0,0.0,80.0,0.0,0.0,190.60000000000005,21.75714285714286,2.7142857142857144,55.49999999999999,31.8099994659424,22.25,176.190002441406,8.23999977111816,2773.404,neg,0,0,0,0,0,0,1,0,0,0,0,0
185.0,590.0,20.0,514500.0,560.0,0.0,30.0,0.0,0.0,190.60000000000005,21.75714285714286,2.7142857142857144,55.49999999999999,30.69,26.01,233.080001831055,8.27999973297119,2773.404,neg,0,0,0,0,0,0,1,0,0,0,0,0
0.0,570.0,20.0,292000.0,430.0,0.0,110.0,10.0,0.0,190.60000000000005,21.75714285714286,2.7142857142857144,55.49999999999999,29.31,25.46,239.860000610352,8.31999969482422,2773.404,neg,0,0,0,0,0,0,1,0,0,0,0,0
145.0,530.0,10.0,32250.0,480.0,0.0,30.0,10.0,0.0,241.99999999999997,23.62857142857143,2.604761904761905,2.8000000000000003,30.51,25.47,238.039993286133,8.34000015258789,2580.8239999999996,neg,0,0,0,0,0,0,1,0,0,0,0,0
250.0,490.0,10.0,16500.0,440.0,0.0,0.0,50.0,0.0,241.99999999999997,23.62857142857143,2.604761904761905,2.8000000000000003,29.31,25.46,239.860000610352,8.31999969482422,2580.8239999999996,poz,0,0,0,0,0,0,1,0,0,0,0,0
10.0,440.0,30.0,117000.0,410.0,0.0,10.0,20.0,0.0,241.99999999999997,23.62857142857143,2.604761904761905,2.8000000000000003,30.69,26.01,233.080001831055,8.27999973297119,2580.8239999999996,neg,0,0,0,0,0,0,1,0,0,0,0,0
760.0,360.0,0.0,28000.0,200.0,20.0,90.0,20.0,0.0,249.49999999999994,25.1,2.7333333333333334,22.200000000000003,30.78,27.84,239.820007324219,,2198.3480000000004,poz,0,0,0,0,0,0,1,0,0,0,0,0
125.0,330.0,0.0,60500.0,220.0,0.0,30.0,20.0,0.0,249.49999999999994,25.1,2.7333333333333334,22.200000000000003,31.4400005340576,23.6299991607666,246.970001220703,8.27999973297119,2198.3480000000004,neg,0,0,0,0,0,0,1,0,0,0,0,0
0.0,120.0,0.0,13750.0,20.0,10.0,80.0,10.0,0.0,225.19999999999996,22.714285714285715,3.1809523809523803,171.70000000000002,32.47,27.63,234.910003662109,8.28999996185303,1552.2160000000001,poz,0,0,0,0,0,0,0,1,0,0,0,0
20.0,80.0,20.0,15000.0,60.0,20.0,0.0,0.0,0.0,225.19999999999996,22.714285714285715,3.1809523809523803,171.70000000000002,30.78,27.84,239.820007324219,,1552.2160000000001,poz,0,0,0,0,0,0,0,1,0,0,0,0
0.0,30.0,10.0,6000.0,10.0,0.0,10.0,0.0,0.0,193.10000000000002,21.14285714285714,2.9428571428571426,181.10000000000005,,,,,2112.297,poz,0,0,0,0,0,0,0,1,0,0,0,0
0.0,70.0,0.0,125.0,50.0,0.0,0.0,10.0,0.0,193.10000000000002,21.14285714285714,2.9428571428571426,181.10000000000005,,,,,2112.297,poz,0,0,0,0,0,0,0,1,0,0,0,0
135.0,190.0,10.0,0.0,160.0,20.0,0.0,0.0,0.0,193.10000000000002,21.14285714285714,2.9428571428571426,181.10000000000005,34.4099998474121,24.6000003814697,248.470001220703,8.27999973297119,2112.297,poz,0,0,0,0,0,0,0,1,0,0,0,0
10.0,310.0,10.0,5375.0,90.0,170.0,20.0,0.0,0.0,207.3,22.023809523809522,2.8142857142857145,39.0,34.15,24.13,198.839996337891,8.22999954223633,2280.9849999999997,poz,0,0,0,0,0,0,0,1,0,0,0,0
10.0,110.0,0.0,0.0,90.0,10.0,10.0,0.0,0.0,207.3,22.023809523809522,2.8142857142857145,39.0,34.03,24.38,198.380004882813,8.26000022888184,2280.9849999999997,poz,0,0,0,0,0,0,0,1,0,0,0,0
155.0,380.0,0.0,875.0,320.0,50.0,10.0,0.0,0.0,207.3,22.023809523809522,2.8142857142857145,39.0,34.4099998474121,24.6000003814697,248.470001220703,8.27999973297119,2280.9849999999997,poz,0,0,0,0,0,0,0,1,0,0,0,0
20.0,530.0,0.0,44750.0,30.0,500.0,0.0,0.0,0.0,194.3,20.700000000000003,3.076190476190476,17.8,34.03,24.38,198.380004882813,8.26000022888184,2631.712,poz,0,0,0,0,0,0,0,0,1,0,0,0
175.0,590.0,0.0,34000.0,100.0,470.0,20.0,0.0,0.0,194.3,20.700000000000003,3.076190476190476,17.8,34.15,24.13,198.839996337891,8.22999954223633,2631.712,poz,0,0,0,0,0,0,0,0,1,0,0,0
10.0,270.0,0.0,113250.0,50.0,210.0,10.0,0.0,0.0,194.3,20.700000000000003,3.076190476190476,17.8,34.2400016784668,25.3999996185303,148.940002441406,8.25,2631.712,poz,0,0,0,0,0,0,0,0,1,0,0,0
0.0,1100.0,10.0,108750.0,330.0,720.0,0.0,10.0,20.0,164.9,18.97142857142857,3.1761904761904765,50.6,34.16,24.39,197.639999389648,8.21000003814697,3518.0449999999996,poz,0,0,0,0,0,0,0,0,1,0,0,0
20.0,2100.0,0.0,44875.0,10.0,2000.0,0.0,0.0,60.0,164.9,18.97142857142857,3.1761904761904765,50.6,34.15,24.13,198.839996337891,8.22999954223633,3518.0449999999996,poz,0,0,0,0,0,0,0,0,1,0,0,0
10.0,220.0,0.0,71250.0,120.0,80.0,0.0,10.0,0.0,164.9,18.97142857142857,3.1761904761904765,50.6,34.03,24.38,198.380004882813,8.26000022888184,3518.0449999999996,poz,0,0,0,0,0,0,0,0,1,0,0,0
125.0,340.0,0.0,18000.0,20.0,310.0,0.0,0.0,0.0,143.49999999999997,18.147619047619045,3.0,190.4,34.4000015258789,25.9200000762939,234.910003662109,8.23999977111816,7666.241999999999,poz,0,0,0,0,0,0,0,0,1,0,0,0
40.0,760.0,0.0,43750.0,70.0,640.0,10.0,10.0,0.0,143.49999999999997,18.147619047619045,3.0,190.4,33.68,21.59,169.059997558594,8.27999973297119,7666.241999999999,poz,0,0,0,0,0,0,0,0,1,0,0,0
0.0,190.0,0.0,12750.0,20.0,130.0,10.0,10.0,0.0,143.49999999999997,18.147619047619045,3.0,190.4,34.75,20.86,174.899993896484,8.19999980926514,7666.241999999999,poz,0,0,0,0,0,0,0,0,1,0,0,0
0.0,410.0,0.0,5500.0,20.0,380.0,10.0,0.0,0.0,134.9,17.54761904761905,2.857142857142857,246.89999999999998,33.38,21.87,168.850006103516,8.31999969482422,9244.177999999998,poz,0,0,0,0,0,0,0,0,1,0,0,0
10.0,650.0,0.0,1250.0,30.0,480.0,10.0,10.0,80.0,134.9,17.54761904761905,2.857142857142857,246.89999999999998,33.68,21.59,169.059997558594,8.27999973297119,9244.177999999998,poz,0,0,0,0,0,0,0,0,1,0,0,0
10.0,110.0,20.0,5875.0,40.0,0.0,10.0,10.0,0.0,134.9,17.54761904761905,2.857142857142857,246.89999999999998,34.75,20.86,174.899993896484,8.19999980926514,9244.177999999998,poz,0,0,0,0,0,0,0,0,1,0,0,0
0.0,200.0,30.0,178000.0,0.0,160.0,0.0,0.0,30.0,126.50000000000001,13.423809523809526,2.8476190476190473,29.900000000000002,35.3499984741211,21.5200004577637,238.970001220703,8.21000003814697,5786.967000000002,poz,0,0,0,0,0,0,0,0,0,1,0,0
10.0,160.0,20.0,54875.0,0.0,120.0,10.0,0.0,20.0,126.50000000000001,13.423809523809526,2.8476190476190473,29.900000000000002,,,,,5786.967000000002,poz,0,0,0,0,0,0,0,0,0,1,0,0
0.0,100.0,10.0,188250.0,0.0,60.0,10.0,0.0,0.0,126.50000000000001,13.423809523809526,2.8476190476190473,29.900000000000002,,,,,5786.967000000002,poz,0,0,0,0,0,0,0,0,0,1,0,0
10.0,120.0,0.0,371000.0,0.0,100.0,0.0,0.0,20.0,120.89999999999999,11.495238095238095,2.842857142857143,44.7,35.78,17.73,231.740005493164,,4443.459000000001,poz,0,0,0,0,0,0,0,0,0,1,0,0
20.0,140.0,30.0,622000.0,0.0,60.0,10.0,0.0,60.0,120.89999999999999,11.495238095238095,2.842857142857143,44.7,35.1599998474121,21.1499996185303,243.399993896484,8.19999980926514,4443.459000000001,poz,0,0,0,0,0,0,0,0,0,1,0,0
0.0,90.0,10.0,201500.0,0.0,30.0,30.0,0.0,20.0,120.89999999999999,11.495238095238095,2.842857142857143,44.7,36.28,16.7,232.059997558594,8.27999973297119,4443.459000000001,poz,0,0,0,0,0,0,0,0,0,1,0,0
0.0,100.0,10.0,2896000.0,0.0,30.0,20.0,0.0,50.0,64.80000000000001,12.25238095238095,3.2857142857142856,95.2,35.68,17.47,230.809997558594,8.28999996185303,6432.768999999999,poz,0,0,0,0,0,0,0,0,0,0,1,0
10.0,80.0,10.0,5088000.0,0.0,40.0,10.0,0.0,10.0,64.80000000000001,12.25238095238095,3.2857142857142856,95.2,35.78,17.73,231.740005493164,,6432.768999999999,poz,0,0,0,0,0,0,0,0,0,0,1,0
100.0,160.0,10.0,4002000.0,0.0,70.0,0.0,0.0,50.0,64.80000000000001,12.25238095238095,3.2857142857142856,95.2,36.28,16.7,232.059997558594,8.27999973297119,6432.768999999999,poz,0,0,0,0,0,0,0,0,0,0,1,0
90.0,120.0,0.0,6308000.0,0.0,50.0,40.0,0.0,30.0,43.199999999999996,12.547619047619047,2.6333333333333337,112.0,35.78,17.73,231.740005493164,,7692.456,poz,0,0,0,0,0,0,0,0,0,0,1,0
20.0,80.0,0.0,1603000.0,10.0,40.0,10.0,0.0,20.0,43.199999999999996,12.547619047619047,2.6333333333333337,112.0,36.28,16.7,232.059997558594,8.27999973297119,7692.456,poz,0,0,0,0,0,0,0,0,0,0,1,0
40.0,200.0,0.0,3752000.0,0.0,70.0,30.0,0.0,40.0,43.199999999999996,12.547619047619047,2.6333333333333337,112.0,35.68,17.47,230.809997558594,8.28999996185303,7692.456,poz,0,0,0,0,0,0,0,0,0,0,1,0
10.0,0.0,0.0,1212500.0,0.0,0.0,0.0,0.0,0.0,42.99999999999999,6.8428571428571425,2.2333333333333334,158.79999999999998,33.0,14.8,275.529998779297,8.09000015258789,10683.316,poz,0,0,0,0,0,0,0,0,0,0,0,1
20.0,50.0,0.0,890500.0,0.0,10.0,10.0,0.0,30.0,42.99999999999999,6.8428571428571425,2.2333333333333334,158.79999999999998,31.89,14.55,292.100006103516,8.22999954223633,10683.316,poz,0,0,0,0,0,0,0,0,0,0,0,1
10.0,10.0,10.0,743500.0,0.0,0.0,0.0,0.0,0.0,42.99999999999999,6.8428571428571425,2.2333333333333334,158.79999999999998,30.2,14.26,290.230010986328,8.25,10683.316,poz,0,0,0,0,0,0,0,0,0,0,0,1
0.0,10.0,0.0,1750.0,0.0,0.0,10.0,0.0,0.0,29.700000000000003,4.942857142857143,1.4761904761904763,11.200000000000001,37.01,10.03,172.830001831055,8.22999954223633,7389.532,poz,1,0,0,0,0,0,0,0,0,0,0,0
0.0,0.0,0.0,750.0,0.0,0.0,0.0,0.0,0.0,29.700000000000003,4.942857142857143,1.4761904761904763,11.200000000000001,,,,,7389.532,poz,1,0,0,0,0,0,0,0,0,0,0,0
0.0,10.0,0.0,3375.0,0.0,0.0,0.0,0.0,0.0,29.700000000000003,4.942857142857143,1.4761904761904763,11.200000000000001,,,,,7389.532,poz,1,0,0,0,0,0,0,0,0,0,0,0
70.0,30.0,20.0,750.0,0.0,0.0,30.0,0.0,0.0,111.5,5.0476190476190474,2.5714285714285716,9.1,36.72,9.72,247.33603702374822,,1827.279,poz,0,1,0,0,0,0,0,0,0,0,0,0
60.0,10.0,0.0,2375.0,10.0,0.0,0.0,0.0,0.0,111.5,5.0476190476190474,2.5714285714285716,9.1,35.87,8.82,259.470001220703,8.27000045776367,1827.279,poz,0,1,0,0,0,0,0,0,0,0,0,0
160.0,0.0,10.0,5250.0,0.0,0.0,0.0,0.0,0.0,111.5,5.0476190476190474,2.5714285714285716,9.1,33.75,8.43,271.980010986328,8.30000019073486,1827.279,poz,0,1,0,0,0,0,0,0,0,0,0,0
30.0,0.0,0.0,250.0,0.0,0.0,0.0,0.0,0.0,136.60000000000002,5.490476190476191,4.495238095238095,21.099999999999998,36.11,9.3,273.88606366686514,8.20068,1941.6830000000002,poz,0,0,1,0,0,0,0,0,0,0,0,0
0.0,0.0,0.0,0.0,0.0,0.0,0.0,0.0,0.0,136.60000000000002,5.490476190476191,4.495238095238095,21.099999999999998,37.1100006103516,9.10000038146973,192.479995727539,8.22999954223633,1941.6830000000002,neg,0,0,1,0,0,0,0,0,0,0,0,0
20.0,0.0,0.0,0.0,0.0,0.0,0.0,0.0,0.0,136.60000000000002,5.490476190476191,4.495238095238095,21.099999999999998,36.66,8.62,276.890014648438,8.26000022888184,1941.6830000000002,poz,0,0,1,0,0,0,0,0,0,0,0,0
30.0,0.0,0.0,65900.0,0.0,0.0,0.0,0.0,0.0,126.19999999999999,11.123809523809523,3.8761904761904757,64.69999999999999,37.16,9.61,265.279998779297,8.27999973297119,4686.313,neg,0,0,0,1,0,0,0,0,0,0,0,0
100.0,20.0,10.0,1600.0,0.0,0.0,0.0,20.0,0.0,235.1,19.09047619047619,3.0285714285714285,61.50000000000001,36.85,16.15,284.9137188415799,8.186722617441145,1870.666,neg,0,0,0,0,1,0,0,0,0,0,0,0
60.0,10.0,20.0,800.0,0.0,0.0,10.0,0.0,0.0,235.1,19.09047619047619,3.0285714285714285,61.50000000000001,36.92,15.86,294.309997558594,8.21000003814697,1870.666,neg,0,0,0,0,1,0,0,0,0,0,0,0
20.0,0.0,30.0,1600.0,0.0,0.0,0.0,0.0,0.0,235.1,19.09047619047619,3.0285714285714285,61.50000000000001,37.2200012207031,13.7799997329712,174.169998168945,8.19999980926514,1870.666,neg,0,0,0,0,1,0,0,0,0,0,0,0
20.0,280.0,10.0,3733.0,0.0,0.0,20.0,260.0,0.0,226.89999999999998,21.80952380952381,3.076190476190476,4.6,36.91,19.1,275.2540135557706,8.261031964449815,3167.4429999999993,neg,0,0,0,0,0,1,0,0,0,0,0,0
40.0,350.0,30.0,0.0,0.0,0.0,10.0,340.0,0.0,226.89999999999998,21.80952380952381,3.076190476190476,4.6,36.69,20.47,256.350006103516,8.1899995803833,3167.4429999999993,neg,0,0,0,0,0,1,0,0,0,0,0,0
60.0,540.0,20.0,1733.0,0.0,0.0,20.0,520.0,0.0,226.89999999999998,21.80952380952381,3.076190476190476,4.6,35.4000015258789,20.4699993133545,160.779998779297,8.17000007629395,3167.4429999999993,neg,0,0,0,0,0,1,0,0,0,0,0,0
10.0,40.0,20.0,12933.0,0.0,0.0,10.0,30.0,0.0,235.7,22.185714285714283,3.3,15.5,36.4900016784668,21.7600002288818,169.710006713867,8.18000030517578,3076.9189999999994,neg,0,0,0,0,0,0,1,0,0,0,0,0
40.0,160.0,0.0,19067.0,0.0,0.0,0.0,160.0,0.0,235.7,22.185714285714283,3.3,15.5,36.91,19.1,275.2540135557706,8.261031964449815,3076.9189999999994,neg,0,0,0,0,0,0,1,0,0,0,0,0
70.0,150.0,20.0,1733.0,0.0,0.0,10.0,140.0,0.0,235.7,22.185714285714283,3.3,15.5,36.69,20.47,256.350006103516,8.1899995803833,3076.9189999999994,neg,0,0,0,0,0,0,1,0,0,0,0,0
60.0,150.0,30.0,43600.0,0.0,0.0,0.0,150.0,0.0,248.79999999999998,23.34285714285714,3.185714285714286,14.799999999999999,36.91,19.1,275.2540135557706,8.261031964449815,2022.528,neg,0,0,0,0,0,0,1,0,0,0,0,0
30.0,220.0,10.0,21867.0,10.0,0.0,20.0,180.0,0.0,248.79999999999998,23.34285714285714,3.185714285714286,14.799999999999999,37.02,20.3,255.899993896484,8.21000003814697,2022.528,neg,0,0,0,0,0,0,1,0,0,0,0,0
10.0,20.0,0.0,1808000.0,20.0,0.0,0.0,0.0,0.0,218.3,23.257142857142853,3.4809523809523815,92.5,35.21,26.66,228.32810444384438,,1764.5170000000003,neg,0,0,0,0,0,0,1,0,0,0,0,0
30.0,70.0,10.0,378000.0,10.0,0.0,0.0,60.0,0.0,218.3,23.257142857142853,3.4809523809523815,92.5,35.16,26.25,222.850006103516,8.1899995803833,1764.5170000000003,neg,0,0,0,0,0,0,1,0,0,0,0,0
231.0,100.0,0.0,444000.0,60.0,0.0,10.0,10.0,0.0,218.3,23.257142857142853,3.4809523809523815,92.5,35.34,26.46,234.020004272461,8.19999980926514,1764.5170000000003,neg,0,0,0,0,0,0,1,0,0,0,0,0
0.0,10.0,0.0,151200.0,0.0,0.0,0.0,10.0,0.0,188.20000000000002,21.747619047619047,3.395238095238095,103.3,35.21,26.66,228.32810444384438,,1734.2509999999997,neg,0,0,0,0,0,0,0,1,0,0,0,0
0.0,60.0,0.0,83333.0,50.0,0.0,10.0,0.0,0.0,188.20000000000002,21.747619047619047,3.395238095238095,103.3,35.16,26.25,222.850006103516,8.1899995803833,1734.2509999999997,neg,0,0,0,0,0,0,0,1,0,0,0,0
0.0,50.0,0.0,35400.0,50.0,0.0,0.0,0.0,0.0,188.20000000000002,21.747619047619047,3.395238095238095,103.3,35.34,26.46,234.020004272461,8.19999980926514,1734.2509999999997,neg,0,0,0,0,0,0,0,1,0,0,0,0
30.0,60.0,0.0,1200.0,30.0,10.0,0.0,10.0,0.0,220.7,22.385714285714283,3.2380952380952372,12.900000000000002,35.2099990844727,24.0499992370605,156.759994506836,8.22999954223633,2444.419,neg,0,0,0,0,0,0,0,1,0,0,0,0
10.0,50.0,10.0,1467.0,20.0,10.0,0.0,20.0,0.0,220.7,22.385714285714283,3.2380952380952372,12.900000000000002,,,,,2444.419,neg,0,0,0,0,0,0,0,1,0,0,0,0
10.0,150.0,0.0,133.0,90.0,10.0,10.0,40.0,0.0,259.4,23.652380952380955,3.5476190476190474,1.3,35.14,25.92,213.8739695440311,8.201536456968931,1852.0999999999995,neg,0,0,0,0,0,0,0,1,0,0,0,0
0.0,40.0,10.0,0.0,40.0,0.0,0.0,0.0,0.0,259.4,23.652380952380955,3.5476190476190474,1.3,35.2099990844727,24.0499992370605,156.759994506836,8.22999954223633,1852.0999999999995,neg,0,0,0,0,0,0,0,1,0,0,0,0
0.0,100.0,0.0,800.0,80.0,20.0,0.0,0.0,0.0,222.60000000000005,23.876190476190477,3.5904761904761906,14.299999999999999,35.3699989318848,24.6399993896484,149.610000610352,8.22000026702881,1682.7490000000003,neg,0,0,0,0,0,0,0,0,1,0,0,0
10.0,100.0,0.0,0.0,50.0,10.0,0.0,40.0,0.0,222.60000000000005,23.876190476190477,3.5904761904761906,14.299999999999999,35.14,25.92,213.8739695440311,8.201536456968931,1682.7490000000003,neg,0,0,0,0,0,0,0,0,1,0,0,0
10.0,150.0,10.0,267.0,130.0,10.0,0.0,10.0,0.0,198.90000000000006,22.79047619047619,3.552380952380952,14.299999999999999,35.14,25.92,213.8739695440311,8.201536456968931,993.7259999999998,neg,0,0,0,0,0,0,0,0,1,0,0,0
0.0,80.0,0.0,667.0,50.0,0.0,10.0,20.0,0.0,198.90000000000006,22.79047619047619,3.552380952380952,14.299999999999999,35.1,25.52,218.830001831055,8.18000030517578,993.7259999999998,neg,0,0,0,0,0,0,0,0,1,0,0,0
245.0,50.0,10.0,23529.0,40.0,0.0,0.0,10.0,0.0,188.09999999999997,20.785714285714285,3.923809523809524,74.0,35.85,25.98,211.37963729425775,8.20327662928955,1275.048,neg,0,0,0,0,0,0,0,0,1,0,0,0
200.0,100.0,10.0,34600.0,10.0,50.0,20.0,20.0,0.0,188.09999999999997,20.785714285714285,3.923809523809524,74.0,35.9300003051758,25.2900009155273,150.059997558594,8.1899995803833,1275.048,neg,0,0,0,0,0,0,0,0,1,0,0,0
20.0,30.0,10.0,24933.0,0.0,30.0,0.0,0.0,0.0,197.10000000000002,19.219047619047622,3.9095238095238094,62.8,35.85,25.98,211.37963729425775,8.20327662928955,1274.873,neg,0,0,0,0,0,0,0,0,0,1,0,0
0.0,30.0,0.0,8300.0,10.0,10.0,10.0,0.0,0.0,197.10000000000002,19.219047619047622,3.9095238095238094,62.8,35.9300003051758,25.2900009155273,150.059997558594,8.1899995803833,1274.873,poz,0,0,0,0,0,0,0,0,0,1,0,0
30.0,130.0,0.0,19333.0,40.0,60.0,30.0,0.0,0.0,184.40000000000003,16.504761904761907,3.947619047619048,32.8,35.77,25.94,219.729995727539,8.22999954223633,1609.9660000000003,poz,0,0,0,0,0,0,0,0,0,1,0,0
10.0,30.0,20.0,50667.0,20.0,0.0,10.0,0.0,0.0,184.40000000000003,16.504761904761907,3.947619047619048,32.8,35.85,25.98,211.37963729425775,8.20327662928955,1609.9660000000003,neg,0,0,0,0,0,0,0,0,0,1,0,0
50.0,420.0,0.0,448000.0,40.0,100.0,120.0,0.0,90.0,130.0,11.614285714285714,3.776190476190476,132.2,36.55,19.54,221.85227691656743,,4003.9760000000006,poz,0,0,0,0,0,0,0,0,0,1,0,0
20.0,200.0,0.0,440000.0,20.0,50.0,20.0,0.0,70.0,130.0,11.614285714285714,3.776190476190476,132.2,35.9500007629395,22.3799991607666,157.649993896484,8.19999980926514,4003.9760000000006,poz,0,0,0,0,0,0,0,0,0,1,0,0
30.0,120.0,0.0,338000.0,0.0,10.0,20.0,0.0,40.0,151.29999999999998,6.676190476190476,3.5,0.0,36.97,15.24,249.74730112187493,8.23424411408338,2223.699,neg,0,0,0,0,0,0,0,0,0,0,1,0
30.0,40.0,0.0,264000.0,0.0,0.0,10.0,0.0,30.0,151.29999999999998,6.676190476190476,3.5,0.0,36.3899993896484,16.7900009155273,183.110000610352,8.26000022888184,2223.699,neg,0,0,0,0,0,0,0,0,0,0,1,0
0.0,50.0,0.0,13000.0,0.0,0.0,10.0,0.0,40.0,78.89999999999999,8.566666666666666,2.8047619047619046,23.2,36.98,15.91,244.740005493164,8.21000003814697,2210.441,neg,0,0,0,0,0,0,0,0,0,0,0,1
20.0,0.0,0.0,533.0,0.0,0.0,0.0,0.0,0.0,99.2,4.061904761904762,3.4285714285714284,23.3,37.7700004577637,11.9799995422363,183.550003051758,8.1899995803833,2646.6919999999996,neg,1,0,0,0,0,0,0,0,0,0,0,0
20.0,10.0,0.0,1467.0,0.0,0.0,0.0,0.0,10.0,99.2,4.061904761904762,3.4285714285714284,23.3,,,,,2646.6919999999996,neg,1,0,0,0,0,0,0,0,0,0,0,0
0.0,20.0,0.0,133.0,0.0,0.0,20.0,0.0,0.0,99.2,4.061904761904762,3.4285714285714284,23.3,,,,,2646.6919999999996,neg,1,0,0,0,0,0,0,0,0,0,0,0
0.0,0.0,0.0,3333.0,0.0,0.0,0.0,0.0,0.0,95.19999999999999,-0.823809523809524,5.257142857142857,0.0,37.91,9.05,277.98789052415685,,933.7109999999999,neg,0,1,0,0,0,0,0,0,0,0,0,0
10.0,10.0,0.0,1067.0,0.0,0.0,10.0,0.0,0.0,95.19999999999999,-0.823809523809524,5.257142857142857,0.0,38.17,10.62,269.299987792969,8.22999954223633,933.7109999999999,neg,0,1,0,0,0,0,0,0,0,0,0,0
40.0,20.0,0.0,4800.0,0.0,0.0,10.0,0.0,10.0,95.19999999999999,-0.823809523809524,5.257142857142857,0.0,37.9,10.05,271.089996337891,8.19999980926514,933.7109999999999,neg,0,1,0,0,0,0,0,0,0,0,0,0
50.0,10.0,0.0,736667.0,0.0,0.0,10.0,0.0,0.0,182.59999999999997,7.0,3.238095238095238,0.2,38.35,6.89,304.579986572266,8.22999954223633,778.9,neg,0,0,1,0,0,0,0,0,0,0,0,0
20.0,0.0,0.0,172000.0,0.0,0.0,0.0,0.0,0.0,182.59999999999997,7.0,3.238095238095238,0.2,38.16,6.24,310.390014648438,8.21000003814697,778.9,neg,0,0,1,0,0,0,0,0,0,0,0,0
20.0,10.0,0.0,471600.0,0.0,0.0,10.0,0.0,0.0,182.59999999999997,7.0,3.238095238095238,0.2,38.36,6.54,309.489990234375,8.26000022888184,778.9,neg,0,0,1,0,0,0,0,0,0,0,0,0
10.0,0.0,0.0,1200.0,0.0,0.0,0.0,0.0,0.0,142.6,11.657142857142858,3.261904761904762,10.899999999999999,38.2700004577637,7.76000022888184,218.610000610352,8.19999980926514,2489.2999999999997,neg,0,0,0,1,0,0,0,0,0,0,0,0
40.0,0.0,0.0,400.0,0.0,0.0,0.0,0.0,0.0,142.6,11.657142857142858,3.261904761904762,10.899999999999999,38.22,8.43,308.04681994790474,,2489.2999999999997,neg,0,0,0,1,0,0,0,0,0,0,0,0
20.0,0.0,0.0,667.0,0.0,0.0,0.0,0.0,0.0,142.6,11.657142857142858,3.261904761904762,10.899999999999999,38.17,8.63,311.279998779297,8.23999977111816,2489.2999999999997,neg,0,0,0,1,0,0,0,0,0,0,0,0
90.0,10.0,0.0,0.0,10.0,0.0,0.0,0.0,0.0,127.1,12.03809523809524,3.461904761904762,49.8,36.95,11.79,269.75,8.23999977111816,4743.46,neg,0,0,0,1,0,0,0,0,0,0,0,0
120.0,0.0,10.0,267.0,0.0,0.0,0.0,0.0,0.0,127.1,12.03809523809524,3.461904761904762,49.8,37.83,11.56,273.769989013672,8.23999977111816,4743.46,neg,0,0,0,1,0,0,0,0,0,0,0,0
40.0,0.0,0.0,1200.0,0.0,0.0,0.0,0.0,0.0,127.1,12.03809523809524,3.461904761904762,49.8,37.62,11.8,267.83512813874063,,4743.46,neg,0,0,0,1,0,0,0,0,0,0,0,0
210.0,10.0,0.0,1200.0,0.0,0.0,10.0,0.0,0.0,217.4,16.547619047619044,3.3285714285714283,59.900000000000006,,,,,4685.645,neg,0,0,0,0,1,0,0,0,0,0,0,0
20.0,0.0,0.0,667.0,0.0,0.0,0.0,0.0,0.0,217.4,16.547619047619044,3.3285714285714283,59.900000000000006,,,,,4685.645,neg,0,0,0,0,1,0,0,0,0,0,0,0
260.0,0.0,0.0,533.0,0.0,0.0,0.0,0.0,0.0,217.4,16.547619047619044,3.3285714285714283,59.900000000000006,37.48,12.69,188.270004272461,8.21000003814697,4685.645,neg,0,0,0,0,1,0,0,0,0,0,0,0
20.0,10.0,0.0,0.0,0.0,0.0,10.0,0.0,0.0,205.1,16.442857142857143,3.0714285714285716,92.6,38.17,12.99,262.72866497466026,8.168549819108975,3217.882000000001,neg,0,0,0,0,1,0,0,0,0,0,0,0
190.0,10.0,0.0,0.0,0.0,0.0,0.0,10.0,0.0,205.1,16.442857142857143,3.0714285714285716,92.6,36.6599998474121,16.8999996185303,177.639999389648,8.19999980926514,3217.882000000001,neg,0,0,0,0,1,0,0,0,0,0,0,0
20.0,0.0,0.0,250.0,0.0,0.0,0.0,0.0,0.0,205.1,16.442857142857143,3.0714285714285716,92.6,37.47,14.35,259.920013427734,8.23999977111816,3217.882000000001,neg,0,0,0,0,1,0,0,0,0,0,0,0
140.0,0.0,10.0,0.0,0.0,0.0,0.0,0.0,0.0,192.3,19.971428571428575,2.795238095238095,36.5,37.88,13.6,263.049987792969,8.22000026702881,3218.5710000000004,neg,0,0,0,0,0,1,0,0,0,0,0,0
100.0,0.0,10.0,0.0,0.0,0.0,0.0,0.0,0.0,192.3,19.971428571428575,2.795238095238095,36.5,37.47,14.35,259.920013427734,8.23999977111816,3218.5710000000004,neg,0,0,0,0,0,1,0,0,0,0,0,0
30.0,30.0,0.0,0.0,10.0,0.0,10.0,10.0,0.0,192.3,19.971428571428575,2.795238095238095,36.5,38.17,12.99,262.72866497466026,8.168549819108975,3218.5710000000004,neg,0,0,0,0,0,1,0,0,0,0,0,0
80.0,30.0,190.0,0.0,0.0,0.0,20.0,10.0,0.0,235.79999999999995,22.99047619047619,2.785714285714286,33.4,35.35,21.68,222.09554607161706,,3193.2690000000002,neg,0,0,0,0,0,1,0,0,0,0,0,0
40.0,30.0,0.0,0.0,0.0,0.0,10.0,0.0,0.0,235.79999999999995,22.99047619047619,2.785714285714286,33.4,35.1100006103516,21.0300006866455,161.690002441406,8.22000026702881,3193.2690000000002,neg,0,0,0,0,0,1,0,0,0,0,0,0
140.0,60.0,10.0,0.0,20.0,0.0,20.0,0.0,0.0,235.79999999999995,22.99047619047619,2.785714285714286,33.4,35.18,21.87,226.869995117188,8.25,3193.2690000000002,neg,0,0,0,0,0,1,0,0,0,0,0,0
10.0,160.0,60.0,400.0,60.0,0.0,40.0,60.0,0.0,277.79999999999995,24.780952380952378,2.5714285714285716,5.3999999999999995,35.18,21.87,226.869995117188,8.25,3065.602999999999,neg,0,0,0,0,0,0,1,0,0,0,0,0
20.0,320.0,200.0,533.0,0.0,0.0,0.0,320.0,0.0,277.79999999999995,24.780952380952378,2.5714285714285716,5.3999999999999995,35.35,21.68,222.09554607161706,,3065.602999999999,neg,0,0,0,0,0,0,1,0,0,0,0,0
10.0,460.0,50.0,0.0,0.0,0.0,0.0,460.0,0.0,277.79999999999995,24.780952380952378,2.5714285714285716,5.3999999999999995,35.1100006103516,21.0300006866455,161.690002441406,8.22000026702881,3065.602999999999,neg,0,0,0,0,0,0,1,0,0,0,0,0
10.0,50.0,30.0,1467.0,0.0,0.0,40.0,0.0,0.0,268.3,25.58095238095238,2.8809523809523805,6.8999999999999995,,,,,2031.5430000000003,neg,0,0,0,0,0,0,1,0,0,0,0,0
20.0,120.0,20.0,533.0,40.0,0.0,50.0,30.0,0.0,268.3,25.58095238095238,2.8809523809523805,6.8999999999999995,35.47,21.95,253.320007324219,8.27000045776367,2031.5430000000003,neg,0,0,0,0,0,0,1,0,0,0,0,0
20.0,210.0,60.0,1867.0,130.0,0.0,70.0,10.0,0.0,268.3,25.58095238095238,2.8809523809523805,6.8999999999999995,,,,,2031.5430000000003,neg,0,0,0,0,0,0,1,0,0,0,0,0
10.0,90.0,20.0,3500.0,70.0,0.0,10.0,10.0,0.0,241.40000000000003,25.16666666666667,3.395238095238095,0.0,36.64,24.57,224.59785551547645,,1977.546,neg,0,0,0,0,0,0,1,0,0,0,0,0
10.0,80.0,0.0,1467.0,60.0,0.0,10.0,10.0,0.0,241.40000000000003,25.16666666666667,3.395238095238095,0.0,34.6599998474121,27.6200008392334,203.910003662109,8.22999954223633,1977.546,neg,0,0,0,0,0,0,1,0,0,0,0,0
120.0,80.0,10.0,5500.0,50.0,0.0,20.0,0.0,0.0,241.40000000000003,25.16666666666667,3.395238095238095,0.0,36.56,24.93,215.710006713867,8.22999954223633,1977.546,neg,0,0,0,0,0,0,1,0,0,0,0,0
10.0,120.0,0.0,3500.0,110.0,0.0,10.0,0.0,0.0,240.09999999999997,25.633333333333336,3.3047619047619046,0.0,36.56,24.93,215.710006713867,8.22999954223633,1942.4749999999997,neg,0,0,0,0,0,0,0,1,0,0,0,0
0.0,30.0,10.0,1750.0,20.0,0.0,10.0,0.0,0.0,240.09999999999997,25.633333333333336,3.3047619047619046,0.0,36.59,24.96,214.369995117188,8.22000026702881,1942.4749999999997,neg,0,0,0,0,0,0,0,1,0,0,0,0
135.0,20.0,0.0,250.0,10.0,0.0,10.0,0.0,0.0,240.09999999999997,25.633333333333336,3.3047619047619046,0.0,36.64,24.57,224.59785551547645,,1942.4749999999997,neg,0,0,0,0,0,0,0,1,0,0,0,0
10.0,30.0,20.0,1300.0,20.0,0.0,10.0,0.0,0.0,257.7,25.342857142857145,2.9238095238095236,0.0,,,,,1041.609,neg,0,0,0,0,0,0,0,1,0,0,0,0
0.0,0.0,0.0,5900.0,0.0,0.0,0.0,0.0,0.0,257.7,25.342857142857145,2.9238095238095236,0.0,,,,,1041.609,neg,0,0,0,0,0,0,0,1,0,0,0,0
0.0,20.0,0.0,0.0,20.0,0.0,0.0,0.0,0.0,244.29999999999995,24.19047619047619,2.8904761904761904,28.5,37.0299987792969,25.6499996185303,207.350006103516,8.1899995803833,851.0140000000004,neg,0,0,0,0,0,0,0,1,0,0,0,0
20.0,40.0,0.0,800.0,30.0,0.0,0.0,0.0,0.0,244.29999999999995,24.19047619047619,2.8904761904761904,28.5,37.28,26.55,205.440002441406,8.19999980926514,851.0140000000004,neg,0,0,0,0,0,0,0,1,0,0,0,0
10.0,0.0,0.0,400.0,0.0,0.0,0.0,0.0,0.0,177.19999999999996,22.71904761904762,2.80952380952381,45.8,37.14,26.4,196.27342798679254,8.2003729422686,791.13,neg,0,0,0,0,0,0,0,0,1,0,0,0
0.0,0.0,0.0,0.0,0.0,0.0,0.0,0.0,0.0,177.19999999999996,22.71904761904762,2.80952380952381,45.8,37.0699996948242,26.2299995422363,201.410003662109,8.11999988555908,791.13,neg,0,0,0,0,0,0,0,0,1,0,0,0
20.0,10.0,0.0,0.0,0.0,0.0,10.0,0.0,0.0,177.19999999999996,22.71904761904762,2.80952380952381,45.8,37.28,26.55,205.440002441406,8.19999980926514,791.13,neg,0,0,0,0,0,0,0,0,1,0,0,0
0.0,30.0,0.0,8300.0,0.0,10.0,10.0,0.0,0.0,153.0,19.738095238095244,3.2190476190476187,78.9,37.1,26.37,204.100006103516,8.1899995803833,1100.9759999999999,neg,0,0,0,0,0,0,0,0,1,0,0,0
20.0,20.0,30.0,41400.0,0.0,20.0,0.0,0.0,0.0,153.0,19.738095238095244,3.2190476190476187,78.9,37.14,26.4,196.27342798679254,8.2003729422686,1100.9759999999999,neg,0,0,0,0,0,0,0,0,1,0,0,0
40.0,40.0,30.0,1100.0,0.0,10.0,10.0,0.0,0.0,153.0,19.738095238095244,3.2190476190476187,78.9,37.28,26.55,205.440002441406,8.19999980926514,1100.9759999999999,neg,0,0,0,0,0,0,0,0,1,0,0,0
10.0,50.0,70.0,3900.0,0.0,10.0,30.0,0.0,0.0,126.09999999999998,18.604761904761908,3.3285714285714287,87.19999999999999,37.2400016784668,24.4599990844727,205.160003662109,8.19999980926514,1898.342,neg,0,0,0,0,0,0,0,0,0,1,0,0
20.0,10.0,20.0,3500.0,0.0,10.0,0.0,0.0,0.0,126.09999999999998,18.604761904761908,3.3285714285714287,87.19999999999999,37.36,24.28,208.119995117188,8.21000003814697,1898.342,neg,0,0,0,0,0,0,0,0,0,1,0,0
40.0,20.0,70.0,8000.0,0.0,10.0,0.0,0.0,0.0,126.09999999999998,18.604761904761908,3.3285714285714287,87.19999999999999,37.24,24.63,201.59842919117065,8.206761702950882,1898.342,neg,0,0,0,0,0,0,0,0,0,1,0,0
0.0,50.0,20.0,2800.0,0.0,0.0,50.0,0.0,0.0,114.0,18.366666666666667,3.0476190476190474,50.10000000000001,37.36,24.28,208.119995117188,8.21000003814697,2089.387,neg,0,0,0,0,0,0,0,0,0,1,0,0
10.0,50.0,10.0,95400.0,10.0,0.0,30.0,10.0,0.0,114.0,18.366666666666667,3.0476190476190474,50.10000000000001,37.24,24.63,201.59842919117065,8.206761702950882,2089.387,neg,0,0,0,0,0,0,0,0,0,1,0,0
40.0,60.0,20.0,87600.0,0.0,0.0,50.0,0.0,0.0,114.0,18.366666666666667,3.0476190476190474,50.10000000000001,37.2400016784668,24.4599990844727,205.160003662109,8.19999980926514,2089.387,neg,0,0,0,0,0,0,0,0,0,1,0,0
10.0,120.0,20.0,11400.0,10.0,50.0,20.0,0.0,10.0,116.0,15.457142857142856,3.00952380952381,31.400000000000002,37.72,20.94,193.380004882813,8.17000007629395,3043.4320000000007,neg,0,0,0,0,0,0,0,0,0,1,0,0
0.0,90.0,10.0,222800.0,50.0,0.0,40.0,0.0,0.0,116.0,15.457142857142856,3.00952380952381,31.400000000000002,37.5299987792969,21.2299995422363,223.610000610352,,3043.4320000000007,neg,0,0,0,0,0,0,0,0,0,1,0,0
100.0,50.0,80.0,52600.0,0.0,10.0,30.0,0.0,0.0,116.0,15.457142857142856,3.00952380952381,31.400000000000002,37.38,20.94,219.9201100751759,,3043.4320000000007,neg,0,0,0,0,0,0,0,0,0,1,0,0
0.0,90.0,0.0,8400.0,20.0,40.0,0.0,0.0,0.0,107.99999999999999,13.047619047619047,3.9952380952380957,92.7,37.72,20.94,193.380004882813,8.17000007629395,9588.052,neg,0,0,0,0,0,0,0,0,0,0,1,0
10.0,20.0,0.0,12300.0,0.0,0.0,0.0,0.0,10.0,107.99999999999999,13.047619047619047,3.9952380952380957,92.7,37.58,21.3,217.940002441406,8.25,9588.052,neg,0,0,0,0,0,0,0,0,0,0,1,0
10.0,30.0,20.0,23400.0,0.0,0.0,0.0,0.0,20.0,107.99999999999999,13.047619047619047,3.9952380952380957,92.7,37.38,20.94,219.9201100751759,,9588.052,neg,0,0,0,0,0,0,0,0,0,0,1,0
0.0,10.0,0.0,600.0,0.0,10.0,0.0,0.0,0.0,88.9,11.795238095238094,4.090476190476191,102.2,,,,,11686.263000000003,neg,0,0,0,0,0,0,0,0,0,0,1,0
0.0,30.0,0.0,1300.0,0.0,10.0,10.0,0.0,10.0,88.9,11.795238095238094,4.090476190476191,102.2,37.5,18.0100002288818,218.919998168945,8.1899995803833,11686.263000000003,neg,0,0,0,0,0,0,0,0,0,0,1,0
10.0,20.0,20.0,1500.0,0.0,0.0,0.0,0.0,10.0,88.9,11.795238095238094,4.090476190476191,102.2,,,,,11686.263000000003,neg,0,0,0,0,0,0,0,0,0,0,1,0
0.0,10.0,10.0,100.0,0.0,0.0,0.0,0.0,10.0,78.10000000000001,10.895238095238094,3.052380952380952,15.600000000000001,37.5,16.33,231.339996337891,8.1899995803833,11829.506000000003,neg,0,0,0,0,0,0,0,0,0,0,1,0
0.0,20.0,0.0,0.0,0.0,0.0,10.0,0.0,10.0,78.10000000000001,10.895238095238094,3.052380952380952,15.600000000000001,37.44,16.37,227.02735925735558,8.19650555101231,11829.506000000003,neg,0,0,0,0,0,0,0,0,0,0,1,0
0.0,40.0,0.0,1100.0,0.0,10.0,30.0,0.0,0.0,78.10000000000001,10.895238095238094,3.052380952380952,15.600000000000001,37.5,18.0100002288818,218.919998168945,8.1899995803833,11829.506000000003,neg,0,0,0,0,0,0,0,0,0,0,1,0
0.0,0.0,10.0,2800.0,0.0,0.0,0.0,0.0,0.0,60.39999999999999,6.576190476190478,3.2809523809523813,139.8,37.44,16.37,227.02735925735558,8.19650555101231,5623.825999999999,neg,0,0,0,0,0,0,0,0,0,0,0,1
0.0,0.0,0.0,1000.0,0.0,0.0,0.0,0.0,0.0,60.39999999999999,6.576190476190478,3.2809523809523813,139.8,37.7,16.78,227.770004272461,8.22000026702881,5623.825999999999,neg,0,0,0,0,0,0,0,0,0,0,0,1
300.0,0.0,0.0,7800.0,0.0,0.0,0.0,0.0,0.0,69.2,5.114285714285715,3.195238095238095,115.19999999999997,37.38,20.94,219.9201100751759,,6235.934000000001,neg,0,0,0,0,0,0,0,0,0,0,0,1
10.0,10.0,0.0,0.0,0.0,0.0,10.0,0.0,0.0,42.900000000000006,6.004761904761905,2.7857142857142856,74.19999999999999,37.5800018310547,11.3299999237061,259.470001220703,8.25,3222.5070000000005,neg,1,0,0,0,0,0,0,0,0,0,0,0
10.0,0.0,10.0,0.0,0.0,0.0,0.0,0.0,0.0,42.900000000000006,6.004761904761905,2.7857142857142856,74.19999999999999,,,,,3222.5070000000005,neg,1,0,0,0,0,0,0,0,0,0,0,0
10.0,0.0,0.0,200.0,0.0,0.0,0.0,0.0,0.0,42.900000000000006,6.004761904761905,2.7857142857142856,74.19999999999999,,,,,3222.5070000000005,neg,1,0,0,0,0,0,0,0,0,0,0,0
50.0,0.0,0.0,400.0,0.0,0.0,0.0,0.0,0.0,83.6,5.019047619047619,3.1238095238095234,81.4,36.86,9.85,275.109985351563,8.23999977111816,4780.6359999999995,neg,0,1,0,0,0,0,0,0,0,0,0,0
40.0,0.0,0.0,500.0,0.0,0.0,0.0,0.0,0.0,83.6,5.019047619047619,3.1238095238095234,81.4,37.32,10.43,268.850006103516,8.22000026702881,4780.6359999999995,neg,0,1,0,0,0,0,0,0,0,0,0,0
10.0,0.0,0.0,0.0,0.0,0.0,0.0,0.0,0.0,83.6,5.019047619047619,3.1238095238095234,81.4,36.32,10.01,275.549987792969,8.25,4780.6359999999995,neg,0,1,0,0,0,0,0,0,0,0,0,0
80.0,0.0,10.0,0.0,0.0,0.0,0.0,0.0,0.0,82.8,6.680952380952381,2.7238095238095235,65.8,38.07,9.32,284.480010986328,8.25,4231.62,neg,0,0,1,0,0,0,0,0,0,0,0,0
30.0,20.0,0.0,0.0,0.0,0.0,20.0,0.0,0.0,82.8,6.680952380952381,2.7238095238095235,65.8,38.2,9.99,280.019989013672,8.26000022888184,4231.62,neg,0,0,1,0,0,0,0,0,0,0,0,0
120.0,0.0,0.0,0.0,0.0,0.0,0.0,0.0,0.0,82.8,6.680952380952381,2.7238095238095235,65.8,37.88,9.67,286.269989013672,8.27000045776367,4231.62,neg,0,0,1,0,0,0,0,0,0,0,0,0
0.0,0.0,10.0,400.0,0.0,0.0,0.0,0.0,0.0,72.3,7.147619047619049,3.3666666666666667,131.5,36.8600006103516,10.4499998092651,280.910003662109,8.22000026702881,8576.934,neg,0,0,0,1,0,0,0,0,0,0,0,0
0.0,10.0,0.0,625.0,0.0,0.0,0.0,0.0,0.0,72.3,7.147619047619049,3.3666666666666667,131.5,37.32,10.43,268.850006103516,8.19999980926514,8576.934,neg,0,0,0,1,0,0,0,0,0,0,0,0
0.0,0.0,0.0,1000.0,0.0,0.0,0.0,0.0,0.0,72.3,7.147619047619049,3.3666666666666667,131.5,36.86,9.85,275.109985351563,8.22000026702881,8576.934,neg,0,0,0,1,0,0,0,0,0,0,0,0
350.0,40.0,30.0,9200.0,0.0,0.0,0.0,30.0,0.0,101.99999999999999,10.923809523809522,2.9857142857142858,114.9,,,,,7210.684,neg,0,0,0,1,0,0,0,0,0,0,0,0
200.0,10.0,10.0,4600.0,0.0,0.0,0.0,10.0,0.0,101.99999999999999,10.923809523809522,2.9857142857142858,114.9,37.5099983215332,10.9300003051758,270.640014648438,8.22000026702881,7210.684,neg,0,0,0,1,0,0,0,0,0,0,0,0
70.0,0.0,0.0,5200.0,0.0,0.0,0.0,0.0,0.0,101.99999999999999,10.923809523809522,2.9857142857142858,114.9,,,,,7210.684,neg,0,0,0,1,0,0,0,0,0,0,0,0
180.0,10.0,0.0,7800.0,0.0,0.0,0.0,0.0,0.0,142.70000000000002,16.48095238095238,2.8333333333333335,14.0,36.63,14.09,265.730010986328,8.19999980926514,5666.675000000002,neg,0,0,0,0,1,0,0,0,0,0,0,0
310.0,10.0,0.0,5800.0,0.0,0.0,10.0,0.0,0.0,142.70000000000002,16.48095238095238,2.8333333333333335,14.0,37.5099983215332,10.9300003051758,270.640014648438,8.22000026702881,5666.675000000002,neg,0,0,0,0,1,0,0,0,0,0,0,0
200.0,0.0,0.0,8200.0,0.0,0.0,0.0,0.0,0.0,142.70000000000002,16.48095238095238,2.8333333333333335,14.0,32.88,15.08,274.209991455078,8.25,5666.675000000002,neg,0,0,0,0,1,0,0,0,0,0,0,0
600.0,70.0,10.0,3200.0,0.0,0.0,10.0,30.0,0.0,147.6,17.442857142857143,2.7571428571428567,56.5,36.92,14.64,265.730010986328,8.1899995803833,5898.1759999999995,neg,0,0,0,0,1,0,0,0,0,0,0,0
170.0,50.0,0.0,3500.0,10.0,0.0,20.0,10.0,0.0,147.6,17.442857142857143,2.7571428571428567,56.5,36.63,14.09,265.730010986328,8.19999980926514,5898.1759999999995,neg,0,0,0,0,1,0,0,0,0,0,0,0
180.0,30.0,30.0,4000.0,0.0,0.0,10.0,0.0,0.0,147.6,17.442857142857143,2.7571428571428567,56.5,32.88,15.08,274.209991455078,8.25,5898.1759999999995,neg,0,0,0,0,1,0,0,0,0,0,0,0
110.0,110.0,10.0,1600.0,0.0,0.0,50.0,10.0,0.0,153.4,17.314285714285713,2.9380952380952383,68.8,35.85,19.7,246.520004272461,8.22999954223633,6212.515,neg,0,0,0,0,1,0,0,0,0,0,0,0
230.0,70.0,0.0,2400.0,0.0,0.0,30.0,20.0,0.0,153.4,17.314285714285713,2.9380952380952383,68.8,36.5900001525879,15.6099996566772,269.75,8.30000019073486,6212.515,neg,0,0,0,0,1,0,0,0,0,0,0,0
110.0,90.0,20.0,2400.0,0.0,0.0,30.0,40.0,0.0,153.4,17.314285714285713,2.9380952380952383,68.8,34.99,19.86,253.669998168945,8.27000045776367,6212.515,neg,0,0,0,0,1,0,0,0,0,0,0,0
,,,,,,,,,144.70000000000002,15.671428571428573,3.4428571428571426,97.69999999999999,35.85,19.7,246.520004272461,8.22999954223633,7314.9,neg,0,0,0,0,0,1,0,0,0,0,0,0
100.0,50.0,20.0,4100.0,10.0,0.0,30.0,0.0,0.0,144.70000000000002,15.671428571428573,3.4428571428571426,97.69999999999999,34.99,19.86,253.669998168945,8.27000045776367,7314.9,neg,0,0,0,0,0,1,0,0,0,0,0,0
130.0,60.0,40.0,2700.0,0.0,0.0,20.0,20.0,0.0,144.70000000000002,15.671428571428573,3.4428571428571426,97.69999999999999,35.810001373291,19.3600006103516,250.990005493164,8.30000019073486,7314.9,neg,0,0,0,0,0,1,0,0,0,0,0,0
130.0,70.0,40.0,1400.0,0.0,0.0,20.0,40.0,0.0,211.50000000000003,19.21428571428571,2.885714285714286,69.2,,,,,5932.588999999999,neg,0,0,0,0,0,1,0,0,0,0,0,0
110.0,100.0,200.0,6400.0,0.0,0.0,10.0,60.0,0.0,211.50000000000003,19.21428571428571,2.885714285714286,69.2,,,,,5932.588999999999,neg,0,0,0,0,0,1,0,0,0,0,0,0
385.0,120.0,10.0,1875.0,40.0,0.0,0.0,40.0,0.0,211.50000000000003,19.21428571428571,2.885714285714286,69.2,35.8199996948242,18.3199996948242,251.880004882813,8.28999996185303,5932.588999999999,neg,0,0,0,0,0,1,0,0,0,0,0,0
80.0,160.0,40.0,600.0,0.0,0.0,10.0,90.0,0.0,246.89999999999998,21.87142857142857,3.1809523809523808,28.599999999999998,35.8199996948242,18.3199996948242,251.880004882813,8.28999996185303,4617.611999999999,neg,0,0,0,0,0,1,0,0,0,0,0,0
70.0,20.0,10.0,300.0,0.0,0.0,10.0,0.0,0.0,246.89999999999998,21.87142857142857,3.1809523809523808,28.599999999999998,32.38,26.76,242.5,8.34000015258789,4617.611999999999,neg,0,0,0,0,0,1,0,0,0,0,0,0
60.0,40.0,30.0,2300.0,0.0,0.0,0.0,10.0,0.0,246.89999999999998,21.87142857142857,3.1809523809523808,28.599999999999998,34.25,26.23,236.25,8.32999992370605,4617.611999999999,neg,0,0,0,0,0,1,0,0,0,0,0,0
390.0,120.0,20.0,1200.0,20.0,0.0,20.0,0.0,0.0,214.70000000000002,22.5,3.3190476190476192,2.9,32.38,26.76,242.5,8.34000015258789,2309.025,neg,0,0,0,0,0,0,1,0,0,0,0,0
20.0,40.0,20.0,400.0,0.0,0.0,0.0,20.0,0.0,214.70000000000002,22.5,3.3190476190476192,2.9,34.25,26.23,236.25,8.32999992370605,2309.025,neg,0,0,0,0,0,0,1,0,0,0,0,0
70.0,30.0,50.0,900.0,20.0,0.0,10.0,0.0,0.0,214.70000000000002,22.5,3.3190476190476192,2.9,31.91,26.13,233.570007324219,8.36999988555908,2309.025,neg,0,0,0,0,0,0,1,0,0,0,0,0
10.0,120.0,0.0,1000.0,0.0,0.0,50.0,20.0,0.0,228.60000000000005,22.8,3.1666666666666665,0.6,32.38,26.76,242.5,8.34000015258789,1766.9870000000003,neg,0,0,0,0,0,0,1,0,0,0,0,0
0.0,90.0,10.0,800.0,0.0,0.0,60.0,0.0,0.0,228.60000000000005,22.8,3.1666666666666665,0.6,31.91,26.13,233.570007324219,8.36999988555908,1766.9870000000003,neg,0,0,0,0,0,0,1,0,0,0,0,0
10.0,100.0,10.0,1600.0,0.0,0.0,50.0,20.0,0.0,228.60000000000005,22.8,3.1666666666666665,0.6,34.25,26.23,236.25,8.32999992370605,1766.9870000000003,neg,0,0,0,0,0,0,1,0,0,0,0,0
0.0,100.0,30.0,0.0,0.0,10.0,20.0,70.0,0.0,254.20000000000002,24.43809523809524,3.3238095238095244,5.1,35.97,25.16,213.029998779297,8.21000003814697,1250.9799999999996,neg,0,0,0,0,0,0,1,0,0,0,0,0
0.0,50.0,10.0,1000.0,0.0,0.0,0.0,40.0,0.0,254.20000000000002,24.43809523809524,3.3238095238095244,5.1,33.7700004577637,23.9200000762939,215.800003051758,8.28999996185303,1250.9799999999996,neg,0,0,0,0,0,0,1,0,0,0,0,0
0.0,50.0,0.0,1700.0,0.0,0.0,10.0,40.0,0.0,254.20000000000002,24.43809523809524,3.3238095238095244,5.1,35.83,25.26,209.460006713867,,1250.9799999999996,neg,0,0,0,0,0,0,1,0,0,0,0,0
130.0,50.0,10.0,2100.0,0.0,10.0,20.0,20.0,0.0,263.6,25.666666666666668,3.614285714285714,4.6,35.97,25.16,213.029998779297,8.21000003814697,1097.924,neg,0,0,0,0,0,0,0,1,0,0,0,0
0.0,40.0,0.0,2200.0,0.0,0.0,0.0,40.0,0.0,263.6,25.666666666666668,3.614285714285714,4.6,35.87,25.08,210.800003051758,8.19999980926514,1097.924,neg,0,0,0,0,0,0,0,1,0,0,0,0
0.0,40.0,0.0,4000.0,0.0,0.0,20.0,20.0,0.0,263.6,25.666666666666668,3.614285714285714,4.6,35.83,25.26,209.460006713867,,1097.924,neg,0,0,0,0,0,0,0,1,0,0,0,0
40.0,40.0,60.0,11100.0,0.0,20.0,20.0,0.0,0.0,218.9,23.428571428571427,3.6714285714285713,46.7,,,,,915.715,neg,0,0,0,0,0,0,0,1,0,0,0,0
20.0,30.0,0.0,4400.0,10.0,0.0,0.0,20.0,0.0,218.9,23.428571428571427,3.6714285714285713,46.7,36.0099983215332,26.9899997711182,207.320007324219,8.21000003814697,915.715,neg,0,0,0,0,0,0,0,1,0,0,0,0
10.0,30.0,0.0,4200.0,0.0,0.0,30.0,0.0,0.0,218.9,23.428571428571427,3.6714285714285713,46.7,,,,,915.715,neg,0,0,0,0,0,0,0,1,0,0,0,0
0.0,90.0,10.0,28900.0,0.0,40.0,20.0,10.0,0.0,216.59999999999997,21.09047619047619,3.5952380952380953,53.1,36.28,24.13,202.759994506836,8.19999980926514,972.005,neg,0,0,0,0,0,0,0,0,1,0,0,0
0.0,80.0,10.0,27700.0,20.0,0.0,20.0,20.0,0.0,216.59999999999997,21.09047619047619,3.5952380952380953,53.1,36.1800003051758,24.7600002288818,209.509994506836,8.23999977111816,972.005,neg,0,0,0,0,0,0,0,0,1,0,0,0
60.0,70.0,0.0,11500.0,10.0,30.0,10.0,10.0,0.0,216.59999999999997,21.09047619047619,3.5952380952380953,53.1,36.74,22.93,213.919998168945,8.18000030517578,972.005,neg,0,0,0,0,0,0,0,0,1,0,0,0
40.0,20.0,10.0,3800.0,10.0,0.0,10.0,0.0,0.0,180.49999999999997,19.514285714285712,3.7380952380952386,52.8,36.1800003051758,24.7600002288818,209.509994506836,8.23999977111816,2549.3280000000004,neg,0,0,0,0,0,0,0,0,1,0,0,0
0.0,50.0,0.0,2800.0,40.0,0.0,10.0,0.0,0.0,180.49999999999997,19.514285714285712,3.7380952380952386,52.8,36.74,22.93,213.919998168945,8.18000030517578,2549.3280000000004,neg,0,0,0,0,0,0,0,0,1,0,0,0
0.0,80.0,0.0,6400.0,20.0,0.0,10.0,50.0,0.0,180.49999999999997,19.514285714285712,3.7380952380952386,52.8,36.28,24.13,202.759994506836,8.19999980926514,2549.3280000000004,neg,0,0,0,0,0,0,0,0,1,0,0,0
0.0,50.0,10.0,67200.0,40.0,10.0,0.0,0.0,0.0,176.5,18.685714285714283,3.8,52.6,36.28,24.13,202.759994506836,8.19999980926514,2871.9960000000005,neg,0,0,0,0,0,0,0,0,1,0,0,0
10.0,60.0,0.0,31800.0,20.0,20.0,0.0,10.0,0.0,176.5,18.685714285714283,3.8,52.6,36.74,22.93,213.919998168945,8.18000030517578,2871.9960000000005,neg,0,0,0,0,0,0,0,0,1,0,0,0
10.0,110.0,10.0,85800.0,30.0,60.0,10.0,0.0,0.0,176.5,18.685714285714283,3.8,52.6,36.49,24.11,208.119995117188,8.21000003814697,2871.9960000000005,neg,0,0,0,0,0,0,0,0,1,0,0,0
10.0,10.0,10.0,227400.0,0.0,0.0,0.0,0.0,0.0,110.69999999999997,16.247619047619043,2.8095238095238093,68.69999999999999,36.0299987792969,23.5400009155273,207.460006713867,8.25,3686.0270000000005,neg,0,0,0,0,0,0,0,0,0,1,0,0
0.0,70.0,10.0,164000.0,0.0,30.0,0.0,20.0,0.0,110.69999999999997,16.247619047619043,2.8095238095238093,68.69999999999999,35.81,22.26,210.800003051758,8.22999954223633,3686.0270000000005,poz,0,0,0,0,0,0,0,0,0,1,0,0
20.0,50.0,20.0,224800.0,0.0,30.0,20.0,0.0,0.0,110.69999999999997,16.247619047619043,2.8095238095238093,68.69999999999999,36.02,22.28,200.080001831055,8.17000007629395,3686.0270000000005,neg,0,0,0,0,0,0,0,0,0,1,0,0
0.0,10.0,80.0,191600.0,0.0,10.0,0.0,0.0,0.0,83.19999999999999,15.561904761904762,2.7428571428571433,85.30000000000001,36.02,22.28,200.080001831055,8.17000007629395,3761.188000000001,neg,0,0,0,0,0,0,0,0,0,1,0,0
0.0,40.0,50.0,163200.0,0.0,30.0,10.0,0.0,0.0,83.19999999999999,15.561904761904762,2.7428571428571433,85.30000000000001,36.06,22.43,208.119995117188,8.22999954223633,3761.188000000001,neg,0,0,0,0,0,0,0,0,0,1,0,0
40.0,250.0,30.0,8900.0,90.0,60.0,80.0,0.0,0.0,80.0,15.904761904761905,2.9714285714285715,52.00000000000001,36.43,18.99,212.580001831055,,4116.816,neg,0,0,0,0,0,0,0,0,0,1,0,0
20.0,150.0,60.0,800.0,50.0,50.0,10.0,10.0,0.0,80.0,15.904761904761905,2.9714285714285715,52.00000000000001,36.45,18.95,223.75,8.14999961853027,4116.816,poz,0,0,0,0,0,0,0,0,0,1,0,0
10.0,220.0,10.0,1800.0,110.0,60.0,30.0,0.0,0.0,80.0,15.904761904761905,2.9714285714285715,52.00000000000001,36.439998626709,19.6800003051758,219.979995727539,8.21000003814697,4116.816,poz,0,0,0,0,0,0,0,0,0,1,0,0
0.0,0.0,0.0,15250.0,0.0,0.0,0.0,0.0,0.0,78.7,13.542857142857144,3.4333333333333336,147.1,,,,,7855.1550000000025,neg,0,0,0,0,0,0,0,0,0,0,1,0
10.0,20.0,0.0,9600.0,0.0,10.0,10.0,0.0,0.0,78.7,13.542857142857144,3.4333333333333336,147.1,36.0400009155273,18.5900001525879,231.589996337891,8.19999980926514,7855.1550000000025,neg,0,0,0,0,0,0,0,0,0,0,1,0
0.0,0.0,0.0,13600.0,0.0,0.0,0.0,0.0,0.0,68.4,10.747619047619049,3.6904761904761907,124.59999999999998,37.54,17.17,209.460006713867,8.17000007629395,8940.719000000003,neg,0,0,0,0,0,0,0,0,0,0,1,0
0.0,10.0,0.0,9200.0,0.0,0.0,0.0,0.0,0.0,68.4,10.747619047619049,3.6904761904761907,124.59999999999998,34.7900009155273,17.5499992370605,231.389999389648,8.26000022888184,8940.719000000003,neg,0,0,0,0,0,0,0,0,0,0,1,0
0.0,10.0,0.0,600.0,0.0,0.0,0.0,0.0,10.0,115.29999999999997,6.095238095238095,3.7571428571428576,16.700000000000003,37.54,17.17,209.460006713867,8.17000007629395,4594.473,neg,0,0,0,0,0,0,0,0,0,0,0,1
0.0,50.0,0.0,400.0,20.0,0.0,10.0,0.0,0.0,38.400000000000006,9.904761904761907,3.3,145.0,36.9300003051758,11.5900001525879,266.709991455078,8.18000030517578,13252.703,neg,0,1,0,0,0,0,0,0,0,0,0,0
0.0,70.0,0.0,400.0,0.0,0.0,0.0,0.0,0.0,38.400000000000006,9.904761904761907,3.3,145.0,,,,,13252.703,neg,0,1,0,0,0,0,0,0,0,0,0,0
0.0,30.0,0.0,750.0,0.0,0.0,0.0,0.0,0.0,38.400000000000006,9.904761904761907,3.3,145.0,,,,,13252.703,neg,0,1,0,0,0,0,0,0,0,0,0,0
120.0,20.0,10.0,19400.0,0.0,0.0,0.0,0.0,10.0,141.70000000000002,10.452380952380953,3.0714285714285716,18.5,36.79,11.46,279.549987792969,8.1899995803833,6894.749,neg,0,0,1,0,0,0,0,0,0,0,0,0
70.0,30.0,10.0,13300.0,10.0,0.0,0.0,0.0,10.0,141.70000000000002,10.452380952380953,3.0714285714285716,18.5,36.46,11.47,273.869995117188,8.19999980926514,6894.749,neg,0,0,1,0,0,0,0,0,0,0,0,0
20.0,30.0,40.0,31500.0,0.0,0.0,0.0,0.0,0.0,141.70000000000002,10.452380952380953,3.0714285714285716,18.5,34.15,10.71,295.309997558594,8.19999980926514,6894.749,neg,0,0,1,0,0,0,0,0,0,0,0,0
90.0,10.0,20.0,6200.0,0.0,0.0,0.0,0.0,0.0,160.5,10.49047619047619,3.157142857142856,34.1,37.49,12.83,274.200012207031,8.14000034332275,4328.699,neg,0,0,0,1,0,0,0,0,0,0,0,0
60.0,30.0,120.0,4600.0,10.0,0.0,0.0,0.0,0.0,160.5,10.49047619047619,3.157142857142856,34.1,37.0800018310547,12.4700002670288,295.670013427734,8.22000026702881,4328.699,neg,0,0,0,1,0,0,0,0,0,0,0,0
60.0,60.0,60.0,7000.0,30.0,0.0,10.0,0.0,0.0,160.5,10.49047619047619,3.157142857142856,34.1,36.73,12.73,295.299987792969,8.23999977111816,4328.699,neg,0,0,0,1,0,0,0,0,0,0,0,0
50.0,40.0,40.0,1200.0,0.0,0.0,0.0,40.0,0.0,134.0,13.314285714285715,2.3809523809523805,82.0,35.9000015258789,15.75,270.660003662109,8.27999973297119,3874.458000000001,neg,0,0,0,1,0,0,0,0,0,0,0,0
10.0,40.0,10.0,1600.0,0.0,0.0,0.0,30.0,0.0,134.0,13.314285714285715,2.3809523809523805,82.0,,,,,3874.458000000001,neg,0,0,0,1,0,0,0,0,0,0,0,0
20.0,10.0,10.0,1800.0,10.0,0.0,0.0,0.0,0.0,134.0,13.314285714285715,2.3809523809523805,82.0,,,,,3874.458000000001,neg,0,0,0,1,0,0,0,0,0,0,0,0
20.0,20.0,0.0,2000.0,0.0,0.0,10.0,0.0,0.0,109.39999999999998,13.857142857142858,2.1238095238095234,104.19999999999999,34.95,14.19,254.639999389648,8.25,2888.477,neg,0,0,0,1,0,0,0,0,0,0,0,0
30.0,50.0,0.0,2375.0,0.0,0.0,10.0,10.0,0.0,109.39999999999998,13.857142857142858,2.1238095238095234,104.19999999999999,35.89,15.02,265.420013427734,8.22000026702881,2888.477,neg,0,0,0,1,0,0,0,0,0,0,0,0
190.0,40.0,0.0,1800.0,0.0,0.0,30.0,0.0,0.0,109.39999999999998,13.857142857142858,2.1238095238095234,104.19999999999999,35.9000015258789,15.75,270.660003662109,8.27999973297119,2888.477,neg,0,0,0,1,0,0,0,0,0,0,0,0
600.0,60.0,60.0,8600.0,10.0,0.0,10.0,40.0,0.0,137.00000000000003,14.995238095238097,2.4714285714285715,79.1,35.89,15.02,265.420013427734,8.22000026702881,3132.5680000000007,neg,0,0,0,0,1,0,0,0,0,0,0,0
480.0,90.0,190.0,2800.0,0.0,20.0,0.0,70.0,0.0,137.00000000000003,14.995238095238097,2.4714285714285715,79.1,34.95,14.19,254.639999389648,8.25,3132.5680000000007,neg,0,0,0,0,1,0,0,0,0,0,0,0
620.0,170.0,90.0,2400.0,20.0,10.0,10.0,120.0,0.0,137.00000000000003,14.995238095238097,2.4714285714285715,79.1,34.91,15.49,261.730010986328,8.27000045776367,3132.5680000000007,neg,0,0,0,0,1,0,0,0,0,0,0,0
1455.0,80.0,120.0,0.0,0.0,0.0,20.0,60.0,0.0,182.39999999999995,16.72857142857143,2.7428571428571424,43.2,36.39,16.05,263.579986572266,8.17000007629395,3153.3350000000005,neg,0,0,0,0,1,0,0,0,0,0,0,0
1100.0,140.0,40.0,200.0,0.0,0.0,10.0,120.0,0.0,182.39999999999995,16.72857142857143,2.7428571428571424,43.2,33.49,17.15,269.440002441406,8.14999961853027,3153.3350000000005,neg,0,0,0,0,1,0,0,0,0,0,0,0
520.0,210.0,200.0,100.0,0.0,0.0,0.0,190.0,0.0,182.39999999999995,16.72857142857143,2.7428571428571424,43.2,29.8799991607666,17.5799999237061,266.470001220703,8.3100004196167,3153.3350000000005,neg,0,0,0,0,1,0,0,0,0,0,0,0
660.0,20.0,70.0,0.0,0.0,10.0,10.0,0.0,0.0,232.99999999999997,19.204761904761906,2.6857142857142855,51.9,33.49,17.15,269.440002441406,8.14999961853027,3146.500999999999,neg,0,0,0,0,0,1,0,0,0,0,0,0
335.0,20.0,40.0,250.0,0.0,0.0,10.0,0.0,0.0,232.99999999999997,19.204761904761906,2.6857142857142855,51.9,36.39,16.05,263.579986572266,8.17000007629395,3146.500999999999,neg,0,0,0,0,0,1,0,0,0,0,0,0
445.0,40.0,20.0,125.0,0.0,10.0,10.0,20.0,0.0,232.99999999999997,19.204761904761906,2.6857142857142855,51.9,36.67,15.52,267.549987792969,8.23999977111816,3146.500999999999,neg,0,0,0,0,0,1,0,0,0,0,0,0
135.0,160.0,420.0,0.0,10.0,0.0,10.0,140.0,0.0,223.49999999999997,22.01904761904762,2.6142857142857143,0.6,,,,,2654.5909999999994,neg,0,0,0,0,0,1,0,0,0,0,0,0
10.0,20.0,110.0,0.0,0.0,0.0,0.0,20.0,0.0,223.49999999999997,22.01904761904762,2.6142857142857143,0.6,31.2299995422363,20.9799995422363,255.990005493164,8.36999988555908,2654.5909999999994,neg,0,0,0,0,0,1,0,0,0,0,0,0
30.0,30.0,90.0,0.0,0.0,0.0,10.0,10.0,0.0,223.49999999999997,22.01904761904762,2.6142857142857143,0.6,,,,,2654.5909999999994,neg,0,0,0,0,0,1,0,0,0,0,0,0
30.0,120.0,30.0,1500.0,20.0,10.0,10.0,70.0,0.0,205.9,21.666666666666664,2.466666666666667,63.19999999999999,34.37,22.92,228.729995727539,8.23999977111816,3211.6879999999996,neg,0,0,0,0,0,0,1,0,0,0,0,0
10.0,480.0,180.0,300.0,20.0,40.0,20.0,370.0,0.0,205.9,21.666666666666664,2.466666666666667,63.19999999999999,33.98,22.9,224.669998168945,8.25,3211.6879999999996,neg,0,0,0,0,0,0,1,0,0,0,0,0
30.0,170.0,40.0,3900.0,10.0,30.0,30.0,90.0,0.0,205.9,21.666666666666664,2.466666666666667,63.19999999999999,34.06,22.99,224.880004882813,8.25,3211.6879999999996,neg,0,0,0,0,0,0,1,0,0,0,0,0
20.0,110.0,0.0,0.0,40.0,10.0,0.0,60.0,0.0,185.7,21.1,2.3619047619047624,183.7,34.06,22.99,224.880004882813,8.25,4049.824,neg,0,0,0,0,0,0,1,0,0,0,0,0
20.0,100.0,50.0,2500.0,0.0,30.0,30.0,40.0,0.0,185.7,21.1,2.3619047619047624,183.7,34.37,22.92,228.729995727539,8.23999977111816,4049.824,neg,0,0,0,0,0,0,1,0,0,0,0,0
0.0,150.0,40.0,22000.0,20.0,0.0,10.0,100.0,0.0,185.7,21.1,2.3619047619047624,183.7,33.98,22.9,224.669998168945,8.25,4049.824,neg,0,0,0,0,0,0,1,0,0,0,0,0
0.0,60.0,0.0,77125.0,20.0,0.0,0.0,30.0,0.0,197.6,21.914285714285718,2.3904761904761904,135.70000000000002,34.06,22.99,224.880004882813,8.25,4170.113,neg,0,0,0,0,0,0,1,0,0,0,0,0
0.0,40.0,10.0,92750.0,0.0,0.0,10.0,30.0,0.0,197.6,21.914285714285718,2.3904761904761904,135.70000000000002,33.98,22.9,224.669998168945,8.25,4170.113,neg,0,0,0,0,0,0,1,0,0,0,0,0
10.0,130.0,10.0,500.0,10.0,50.0,30.0,30.0,0.0,197.6,21.914285714285718,2.3904761904761904,135.70000000000002,34.37,22.92,228.729995727539,8.23999977111816,4170.113,neg,0,0,0,0,0,0,1,0,0,0,0,0
10.0,60.0,10.0,2200.0,0.0,10.0,20.0,30.0,0.0,163.59999999999997,22.223809523809525,2.4952380952380953,154.0,32.4700012207031,23.8600006103516,222.759994506836,8.23999977111816,3828.7580000000003,neg,0,0,0,0,0,0,0,1,0,0,0,0
40.0,80.0,100.0,5300.0,0.0,0.0,40.0,40.0,0.0,163.59999999999997,22.223809523809525,2.4952380952380953,154.0,33.49,24.98,226.139999389648,8.17000007629395,3828.7580000000003,neg,0,0,0,0,0,0,0,1,0,0,0,0
0.0,30.0,20.0,5600.0,0.0,0.0,10.0,20.0,0.0,163.59999999999997,22.223809523809525,2.4952380952380953,154.0,34.11,25.13,219.559997558594,,3828.7580000000003,neg,0,0,0,0,0,0,0,1,0,0,0,0
40.0,70.0,20.0,10000.0,0.0,0.0,0.0,70.0,0.0,195.70000000000002,22.176190476190477,2.8238095238095235,34.9,33.49,24.98,226.139999389648,8.17000007629395,3413.2799999999997,neg,0,0,0,0,0,0,0,1,0,0,0,0
0.0,80.0,0.0,4700.0,0.0,0.0,40.0,40.0,0.0,195.70000000000002,22.176190476190477,2.8238095238095235,34.9,34.11,25.13,219.559997558594,,3413.2799999999997,neg,0,0,0,0,0,0,0,1,0,0,0,0
0.0,50.0,0.0,5100.0,0.0,0.0,10.0,40.0,0.0,195.70000000000002,22.176190476190477,2.8238095238095235,34.9,34.2,25.09,221.470001220703,8.18000030517578,3413.2799999999997,neg,0,0,0,0,0,0,0,1,0,0,0,0
0.0,40.0,0.0,31125.0,0.0,30.0,0.0,0.0,10.0,142.80000000000004,20.228571428571428,2.5523809523809526,95.80000000000001,35.11,24.31,215.050003051758,8.22000026702881,4455.911999999999,neg,0,0,0,0,0,0,0,0,1,0,0,0
10.0,280.0,20.0,32875.0,40.0,150.0,10.0,0.0,80.0,142.80000000000004,20.228571428571428,2.5523809523809526,95.80000000000001,34.9,24.89,212.910003662109,8.22999954223633,4455.911999999999,neg,0,0,0,0,0,0,0,0,1,0,0,0
0.0,170.0,60.0,29500.0,0.0,70.0,0.0,0.0,100.0,142.80000000000004,20.228571428571428,2.5523809523809526,95.80000000000001,33.08,23.91,219.880004882813,8.1899995803833,4455.911999999999,neg,0,0,0,0,0,0,0,0,1,0,0,0
20.0,120.0,30.0,46250.0,10.0,60.0,0.0,0.0,40.0,135.2,19.109523809523814,2.6285714285714286,88.6,34.9,24.89,212.910003662109,8.22999954223633,4633.203,neg,0,0,0,0,0,0,0,0,1,0,0,0
90.0,80.0,250.0,50933.0,20.0,40.0,10.0,0.0,10.0,135.2,19.109523809523814,2.6285714285714286,88.6,35.11,24.31,215.050003051758,8.22000026702881,4633.203,neg,0,0,0,0,0,0,0,0,1,0,0,0
100.0,60.0,590.0,37067.0,0.0,40.0,10.0,10.0,0.0,135.2,19.109523809523814,2.6285714285714286,88.6,33.08,23.91,219.880004882813,8.1899995803833,4633.203,neg,0,0,0,0,0,0,0,0,1,0,0,0
20.0,50.0,10.0,43067.0,10.0,0.0,20.0,0.0,0.0,125.1,18.552380952380954,2.5190476190476194,185.1,37.05,21.72,233.139999389648,8.15999984741211,4588.005,neg,0,0,0,0,0,0,0,0,1,0,0,0
20.0,60.0,0.0,42267.0,20.0,10.0,20.0,0.0,0.0,125.1,18.552380952380954,2.5190476190476194,185.1,36.1599998474121,22.3099994659424,234.929992675781,8.22999954223633,4588.005,neg,0,0,0,0,0,0,0,0,1,0,0,0
30.0,20.0,40.0,37600.0,10.0,0.0,0.0,0.0,10.0,125.1,18.552380952380954,2.5190476190476194,185.1,36.37,22.2,236.089996337891,8.18000030517578,4588.005,neg,0,0,0,0,0,0,0,0,1,0,0,0
40.0,100.0,0.0,298800.0,10.0,20.0,30.0,0.0,10.0,135.79999999999998,16.904761904761905,2.804761904761905,174.29999999999998,37.05,21.72,233.139999389648,8.15999984741211,3983.776,neg,0,0,0,0,0,0,0,0,1,0,0,0
30.0,60.0,0.0,57600.0,0.0,10.0,0.0,0.0,0.0,135.79999999999998,16.904761904761905,2.804761904761905,174.29999999999998,36.37,22.2,236.089996337891,8.18000030517578,3983.776,neg,0,0,0,0,0,0,0,0,1,0,0,0
0.0,120.0,0.0,39600.0,10.0,0.0,0.0,10.0,50.0,135.79999999999998,16.904761904761905,2.804761904761905,174.29999999999998,36.1599998474121,22.3099994659424,234.929992675781,8.22999954223633,3983.776,neg,0,0,0,0,0,0,0,0,1,0,0,0
10.0,30.0,0.0,29400.0,0.0,0.0,20.0,10.0,0.0,142.50000000000003,16.5,2.9380952380952388,125.39999999999999,36.37,22.2,236.089996337891,8.18000030517578,3358.7450000000003,neg,0,0,0,0,0,0,0,0,0,1,0,0
0.0,10.0,0.0,33500.0,0.0,0.0,0.0,10.0,0.0,142.50000000000003,16.5,2.9380952380952388,125.39999999999999,36.1599998474121,22.3099994659424,234.929992675781,8.22999954223633,3358.7450000000003,neg,0,0,0,0,0,0,0,0,0,1,0,0
20.0,40.0,0.0,86800.0,0.0,0.0,10.0,0.0,20.0,142.50000000000003,16.5,2.9380952380952388,125.39999999999999,37.05,21.72,233.139999389648,8.15999984741211,3358.7450000000003,neg,0,0,0,0,0,0,0,0,0,1,0,0
10.0,170.0,0.0,300.0,50.0,10.0,70.0,10.0,10.0,104.89999999999998,17.361904761904764,2.580952380952381,112.8,,,,,3541.3219999999997,neg,0,0,0,0,0,0,0,0,0,1,0,0
0.0,40.0,0.0,3625.0,0.0,10.0,20.0,0.0,10.0,104.89999999999998,17.361904761904764,2.580952380952381,112.8,,,,,3541.3219999999997,neg,0,0,0,0,0,0,0,0,0,1,0,0
0.0,200.0,0.0,2375.0,100.0,40.0,40.0,0.0,10.0,104.89999999999998,17.361904761904764,2.580952380952381,112.8,36.25,21.0100002288818,222.839996337891,8.15999984741211,3541.3219999999997,neg,0,0,0,0,0,0,0,0,0,1,0,0
10.0,110.0,0.0,24400.0,20.0,20.0,20.0,0.0,40.0,115.6,14.961904761904762,2.4904761904761905,115.19999999999999,34.23,20.04,214.800003051758,8.21000003814697,3608.8099999999995,neg,0,0,0,0,0,0,0,0,0,1,0,0
0.0,30.0,20.0,9400.0,0.0,10.0,10.0,0.0,0.0,115.6,14.961904761904762,2.4904761904761905,115.19999999999999,35.63,21.08,230.320007324219,8.30000019073486,3608.8099999999995,neg,0,0,0,0,0,0,0,0,0,1,0,0
10.0,80.0,0.0,31700.0,0.0,20.0,50.0,0.0,0.0,115.6,14.961904761904762,2.4904761904761905,115.19999999999999,35.35,20.21,214.139999389648,8.14999961853027,3608.8099999999995,neg,0,0,0,0,0,0,0,0,0,1,0,0
0.0,10.0,0.0,13900.0,0.0,0.0,10.0,0.0,0.0,105.6,13.223809523809527,2.8333333333333335,90.3,35.35,20.21,214.139999389648,8.14999961853027,9250.708999999999,neg,0,0,0,0,0,0,0,0,0,0,1,0
30.0,20.0,10.0,18300.0,0.0,0.0,20.0,0.0,0.0,105.6,13.223809523809527,2.8333333333333335,90.3,34.89,19.75,215.259994506836,8.19999980926514,9250.708999999999,neg,0,0,0,0,0,0,0,0,0,0,1,0
10.0,50.0,0.0,13000.0,0.0,0.0,30.0,0.0,0.0,105.6,13.223809523809527,2.8333333333333335,90.3,34.23,20.04,214.800003051758,8.21000003814697,9250.708999999999,neg,0,0,0,0,0,0,0,0,0,0,1,0
0.0,70.0,0.0,2000.0,0.0,10.0,30.0,10.0,0.0,60.300000000000004,12.285714285714283,2.5142857142857147,114.89999999999998,35.94,17.55,226.070007324219,8.10000038146973,11115.739999999998,neg,0,0,0,0,0,0,0,0,0,0,1,0
0.0,10.0,0.0,4500.0,0.0,0.0,10.0,0.0,0.0,56.79999999999999,9.738095238095237,2.276190476190476,43.4,35.25,17.01,235.350006103516,8.0600004196167,9780.938,neg,0,0,0,0,0,0,0,0,0,0,0,1
0.0,10.0,0.0,2250.0,0.0,0.0,10.0,0.0,0.0,56.79999999999999,9.738095238095237,2.276190476190476,43.4,34.39,17.09,237.309997558594,8.06999969482422,9780.938,neg,0,0,0,0,0,0,0,0,0,0,0,1
0.0,10.0,0.0,22500.0,0.0,0.0,0.0,0.0,0.0,56.79999999999999,9.738095238095237,2.276190476190476,43.4,35.94,17.55,226.070007324219,8.10000038146973,9780.938,neg,0,0,0,0,0,0,0,0,0,0,0,1
0.0,0.0,0.0,0.0,0.0,0.0,0.0,0.0,0.0,95.10000000000001,4.809523809523809,3.1761904761904765,66.69999999999999,,,,,1947.3879999999997,neg,0,1,0,0,0,0,0,0,0,0,0,0
10.0,0.0,0.0,0.0,0.0,0.0,0.0,0.0,0.0,95.10000000000001,4.809523809523809,3.1761904761904765,66.69999999999999,,,,,1947.3879999999997,neg,0,1,0,0,0,0,0,0,0,0,0,0
0.0,0.0,0.0,200.0,0.0,0.0,0.0,0.0,0.0,95.10000000000001,4.809523809523809,3.1761904761904765,66.69999999999999,37.6800003051758,9.71000003814697,276.890014648438,8.22999954223633,1947.3879999999997,neg,0,1,0,0,0,0,0,0,0,0,0,0
0.0,20.0,0.0,500.0,0.0,0.0,20.0,0.0,0.0,131.5,7.980952380952379,3.2095238095238097,7.5,,,,,2020.448,neg,0,0,1,0,0,0,0,0,0,0,0,0
0.0,10.0,0.0,0.0,0.0,0.0,10.0,0.0,0.0,131.5,7.980952380952379,3.2095238095238097,7.5,37.5699996948242,9.86999988555908,278.230010986328,8.19999980926514,2020.448,neg,0,0,1,0,0,0,0,0,0,0,0,0
0.0,0.0,0.0,0.0,0.0,0.0,0.0,0.0,0.0,131.5,7.980952380952379,3.2095238095238097,7.5,,,,,2020.448,neg,0,0,1,0,0,0,0,0,0,0,0,0
20.0,20.0,30.0,0.0,0.0,0.0,10.0,10.0,0.0,124.3,9.79047619047619,3.0476190476190474,41.0,37.5200004577637,10.539999961853,277.790008544922,8.17000007629395,2893.1670000000004,neg,0,0,0,1,0,0,0,0,0,0,0,0
20.0,0.0,10.0,0.0,0.0,0.0,0.0,0.0,0.0,124.3,9.79047619047619,3.0476190476190474,41.0,,,,,2893.1670000000004,neg,0,0,0,1,0,0,0,0,0,0,0,0
0.0,10.0,20.0,0.0,0.0,0.0,0.0,10.0,0.0,124.3,9.79047619047619,3.0476190476190474,41.0,,,,,2893.1670000000004,neg,0,0,0,1,0,0,0,0,0,0,0,0
150.0,40.0,20.0,1750.0,0.0,0.0,30.0,0.0,0.0,182.10000000000005,10.92857142857143,3.4714285714285715,33.699999999999996,,,,,2759.019,neg,0,0,0,1,0,0,0,0,0,0,0,0
80.0,0.0,30.0,0.0,0.0,0.0,0.0,0.0,0.0,182.10000000000005,10.92857142857143,3.4714285714285715,33.699999999999996,,,,,2759.019,neg,0,0,0,1,0,0,0,0,0,0,0,0
220.0,10.0,20.0,375.0,0.0,0.0,10.0,0.0,0.0,182.10000000000005,10.92857142857143,3.4714285714285715,33.699999999999996,37.6300010681152,10.8699998855591,283.589996337891,8.13000011444092,2759.019,neg,0,0,0,1,0,0,0,0,0,0,0,0
290.0,0.0,10.0,1800.0,0.0,0.0,0.0,0.0,0.0,178.60000000000002,13.161904761904761,2.900000000000001,26.8,,,,,1896.262,neg,0,0,0,1,0,0,0,0,0,0,0,0
470.0,50.0,60.0,600.0,0.0,0.0,20.0,30.0,0.0,178.60000000000002,13.161904761904761,2.900000000000001,26.8,,,,,1896.262,neg,0,0,0,1,0,0,0,0,0,0,0,0
1520.0,80.0,140.0,900.0,10.0,0.0,10.0,40.0,0.0,178.60000000000002,13.161904761904761,2.900000000000001,26.8,37.3800010681152,11.0500001907349,278.679992675781,8.13000011444092,1896.262,neg,0,0,0,1,0,0,0,0,0,0,0,0
330.0,90.0,50.0,750.0,0.0,0.0,10.0,80.0,0.0,148.5,16.65238095238095,2.5238095238095237,30.7,,,,,2387.2469999999994,neg,0,0,0,0,1,0,0,0,0,0,0,0
260.0,90.0,80.0,300.0,0.0,0.0,0.0,80.0,0.0,148.5,16.65238095238095,2.5238095238095237,30.7,,,,8.13000011444092,2387.2469999999994,neg,0,0,0,0,1,0,0,0,0,0,0,0
210.0,60.0,100.0,800.0,0.0,0.0,10.0,50.0,0.0,148.5,16.65238095238095,2.5238095238095237,30.7,,,,,2387.2469999999994,neg,0,0,0,0,1,0,0,0,0,0,0,0
320.0,110.0,100.0,600.0,0.0,0.0,10.0,90.0,0.0,177.30000000000004,18.599999999999998,3.0238095238095246,31.9,,,,,2867.333,neg,0,0,0,0,1,0,0,0,0,0,0,0
220.0,30.0,20.0,250.0,0.0,0.0,0.0,30.0,0.0,177.30000000000004,18.599999999999998,3.0238095238095246,31.9,,,,,2867.333,neg,0,0,0,0,1,0,0,0,0,0,0,0
360.0,40.0,30.0,0.0,0.0,0.0,0.0,40.0,0.0,177.30000000000004,18.599999999999998,3.0238095238095246,31.9,,,,8.13000011444092,2867.333,neg,0,0,0,0,1,0,0,0,0,0,0,0
370.0,40.0,90.0,300.0,0.0,0.0,10.0,30.0,0.0,204.99999999999997,19.495238095238097,2.961904761904762,29.4,,,,,2188.205,neg,0,0,0,0,0,1,0,0,0,0,0,0
60.0,100.0,400.0,400.0,0.0,0.0,0.0,100.0,0.0,204.99999999999997,19.495238095238097,2.961904761904762,29.4,,,,,2188.205,neg,0,0,0,0,0,1,0,0,0,0,0,0
10.0,30.0,10.0,700.0,0.0,0.0,10.0,20.0,0.0,204.99999999999997,19.495238095238097,2.961904761904762,29.4,36.71,17.66,253.220001220703,8.19999980926514,2188.205,neg,0,0,0,0,0,1,0,0,0,0,0,0
20.0,110.0,30.0,1800.0,0.0,0.0,0.0,110.0,0.0,228.50000000000003,22.44285714285714,2.8761904761904766,20.8,36.71,17.66,253.220001220703,8.19999980926514,1707.9539999999997,neg,0,0,0,0,0,1,0,0,0,0,0,0
100.0,50.0,30.0,1100.0,0.0,0.0,0.0,50.0,0.0,228.50000000000003,22.44285714285714,2.8761904761904766,20.8,,,,,1707.9539999999997,neg,0,0,0,0,0,1,0,0,0,0,0,0
60.0,70.0,290.0,1100.0,10.0,0.0,0.0,60.0,0.0,228.50000000000003,22.44285714285714,2.8761904761904766,20.8,,,,,1707.9539999999997,neg,0,0,0,0,0,1,0,0,0,0,0,0
20.0,20.0,10.0,1600.0,0.0,0.0,0.0,20.0,0.0,207.8,21.3,3.10952380952381,71.8,36.89,21.38,227.770004272461,8.27999973297119,2439.9979999999996,neg,0,0,0,0,0,0,1,0,0,0,0,0
10.0,40.0,40.0,1400.0,10.0,0.0,20.0,10.0,0.0,207.8,21.3,3.10952380952381,71.8,37.6,20.48,229.110000610352,8.27000045776367,2439.9979999999996,neg,0,0,0,0,0,0,1,0,0,0,0,0
10.0,10.0,0.0,1500.0,0.0,0.0,0.0,10.0,0.0,207.8,21.3,3.10952380952381,71.8,35.0499992370605,22.6000003814697,243.839996337891,8.18000030517578,2439.9979999999996,neg,0,0,0,0,0,0,1,0,0,0,0,0
10.0,160.0,0.0,32200.0,20.0,0.0,10.0,120.0,0.0,262.99999999999994,24.061904761904763,2.8857142857142857,7.9,37.6,20.48,229.110000610352,8.27000045776367,2532.8030000000003,neg,0,0,0,0,0,0,1,0,0,0,0,0
60.0,90.0,120.0,38200.0,10.0,0.0,10.0,70.0,0.0,262.99999999999994,24.061904761904763,2.8857142857142857,7.9,37.28,20.84,230.0,8.23999977111816,2532.8030000000003,neg,0,0,0,0,0,0,1,0,0,0,0,0
20.0,70.0,30.0,22000.0,40.0,0.0,20.0,10.0,0.0,262.99999999999994,24.061904761904763,2.8857142857142857,7.9,36.89,21.38,227.770004272461,8.27999973297119,2532.8030000000003,neg,0,0,0,0,0,0,1,0,0,0,0,0
0.0,100.0,0.0,25250.0,0.0,20.0,20.0,60.0,0.0,251.60000000000005,26.376190476190477,2.9571428571428573,35.3,36.63,22.86,216.600006103516,8.27999973297119,1485.2160000000001,neg,0,0,0,0,0,0,1,0,0,0,0,0
30.0,70.0,60.0,33333.0,10.0,0.0,40.0,0.0,0.0,251.60000000000005,26.376190476190477,2.9571428571428573,35.3,35.6,26.81,218.830001831055,8.28999996185303,1485.2160000000001,neg,0,0,0,0,0,0,1,0,0,0,0,0
30.0,60.0,30.0,53231.0,0.0,20.0,20.0,10.0,0.0,251.60000000000005,26.376190476190477,2.9571428571428573,35.3,35.67,27.01,216.600006103516,8.35999965667725,1485.2160000000001,neg,0,0,0,0,0,0,1,0,0,0,0,0
0.0,50.0,10.0,30400.0,0.0,0.0,40.0,10.0,0.0,242.9,25.890476190476186,2.928571428571429,71.5,35.31,26.5,213.029998779297,8.3100004196167,1499.876,neg,0,0,0,0,0,0,0,1,0,0,0,0
0.0,40.0,0.0,2600.0,10.0,0.0,10.0,20.0,0.0,242.9,25.890476190476186,2.928571428571429,71.5,35.6,26.81,218.830001831055,8.28999996185303,1499.876,neg,0,0,0,0,0,0,0,1,0,0,0,0
0.0,10.0,30.0,11200.0,0.0,0.0,10.0,0.0,0.0,242.9,25.890476190476186,2.928571428571429,71.5,35.67,27.01,216.600006103516,8.35999965667725,1499.876,neg,0,0,0,0,0,0,0,1,0,0,0,0
60.0,50.0,890.0,2600.0,0.0,20.0,10.0,0.0,0.0,208.19999999999996,24.45714285714286,3.0238095238095237,68.1,,,,,1425.5109999999997,neg,0,0,0,0,0,0,0,1,0,0,0,0
0.0,40.0,0.0,600.0,0.0,10.0,30.0,0.0,0.0,208.19999999999996,24.45714285714286,3.0238095238095237,68.1,36.2000007629395,26.6299991607666,205.440002441406,8.32999992370605,1425.5109999999997,neg,0,0,0,0,0,0,0,1,0,0,0,0
0.0,10.0,0.0,700.0,0.0,0.0,10.0,0.0,0.0,208.19999999999996,24.45714285714286,3.0238095238095237,68.1,,,,,1425.5109999999997,neg,0,0,0,0,0,0,0,1,0,0,0,0
20.0,50.0,40.0,2700.0,0.0,40.0,10.0,0.0,0.0,185.80000000000007,22.58095238095238,3.019047619047619,33.0,36.6500015258789,27.3400001525879,196.059997558594,8.26000022888184,1491.2659999999996,neg,0,0,0,0,0,0,0,0,1,0,0,0
490.0,70.0,340.0,4700.0,10.0,50.0,0.0,10.0,0.0,185.80000000000007,22.58095238095238,3.019047619047619,33.0,36.66,25.71,206.330001831055,8.27999973297119,1491.2659999999996,neg,0,0,0,0,0,0,0,0,1,0,0,0
30.0,30.0,40.0,1300.0,0.0,10.0,10.0,10.0,0.0,185.80000000000007,22.58095238095238,3.019047619047619,33.0,36.94,25.18,200.970001220703,8.26000022888184,1491.2659999999996,neg,0,0,0,0,0,0,0,0,1,0,0,0
40.0,290.0,80.0,308000.0,0.0,250.0,20.0,0.0,0.0,103.39999999999999,18.866666666666667,3.3619047619047615,74.79999999999998,,,,,4137.801,neg,0,0,0,0,0,0,0,0,0,1,0,0
0.0,80.0,0.0,738750.0,0.0,80.0,0.0,0.0,0.0,103.39999999999999,18.866666666666667,3.3619047619047615,74.79999999999998,,,,,4137.801,neg,0,0,0,0,0,0,0,0,0,1,0,0
30.0,50.0,10.0,260000.0,20.0,0.0,10.0,20.0,0.0,103.39999999999999,18.866666666666667,3.3619047619047615,74.79999999999998,36.8300018310547,22.7000007629395,209.009994506836,8.21000003814697,4137.801,neg,0,0,0,0,0,0,0,0,0,1,0,0
30.0,320.0,120.0,435000.0,10.0,250.0,50.0,0.0,0.0,71.6,15.095238095238098,2.9619047619047625,111.6,36.7,19.73,222.410003662109,8.27999973297119,5693.122,poz,0,0,0,0,0,0,0,0,0,1,0,0
40.0,200.0,30.0,204571.0,40.0,160.0,0.0,0.0,0.0,71.6,15.095238095238098,2.9619047619047625,111.6,36.8300018310547,22.7000007629395,209.009994506836,8.21000003814697,5693.122,poz,0,0,0,0,0,0,0,0,0,1,0,0
10.0,280.0,0.0,169600.0,10.0,230.0,40.0,0.0,0.0,111.3,13.014285714285712,3.1285714285714286,91.00000000000001,36.71,19.86,222.850006103516,8.27000045776367,5343.572,neg,0,0,0,0,0,0,0,0,0,1,0,0
10.0,170.0,0.0,378000.0,10.0,150.0,0.0,0.0,0.0,143.3,11.49047619047619,2.9952380952380957,79.0,36.7,19.73,222.410003662109,8.27999973297119,5233.126999999999,neg,0,0,0,0,0,0,0,0,0,0,1,0
20.0,190.0,10.0,290000.0,50.0,110.0,10.0,10.0,0.0,143.3,11.49047619047619,2.9952380952380957,79.0,36.71,19.86,222.850006103516,8.27000045776367,5233.126999999999,neg,0,0,0,0,0,0,0,0,0,0,1,0
0.0,230.0,0.0,201200.0,80.0,140.0,10.0,0.0,0.0,143.3,11.49047619047619,2.9952380952380957,79.0,37.32,19.11,238.479995727539,8.25,5233.126999999999,neg,0,0,0,0,0,0,0,0,0,0,1,0
50.0,220.0,0.0,4600.0,0.0,130.0,50.0,20.0,0.0,70.90000000000002,9.719047619047618,2.276190476190476,24.7,37.02,16.49,219.279998779297,8.22999954223633,1679.7049999999997,poz,0,0,0,0,0,0,0,0,0,0,1,0
40.0,140.0,0.0,5200.0,40.0,80.0,20.0,0.0,0.0,70.90000000000002,9.719047619047618,2.276190476190476,24.7,37.22,17.08,217.490005493164,8.23999977111816,1679.7049999999997,poz,0,0,0,0,0,0,0,0,0,0,1,0
10.0,230.0,0.0,4300.0,20.0,190.0,0.0,20.0,0.0,70.90000000000002,9.719047619047618,2.276190476190476,24.7,37.05,17.08,221.509994506836,8.22999954223633,1679.7049999999997,poz,0,0,0,0,0,0,0,0,0,0,1,0
100.0,80.0,0.0,3500.0,0.0,70.0,10.0,0.0,0.0,51.9,8.1,2.4904761904761905,24.7,37.21,15.76,224.639999389648,8.25,1456.7939999999996,neg,0,0,0,0,0,0,0,0,0,0,0,1
100.0,150.0,0.0,2500.0,20.0,90.0,10.0,0.0,10.0,51.9,8.1,2.4904761904761905,24.7,37.6300010681152,17.1499996185303,212.139999389648,8.21000003814697,1456.7939999999996,neg,0,0,0,0,0,0,0,0,0,0,0,1
30.0,100.0,0.0,2300.0,0.0,80.0,10.0,0.0,0.0,51.9,8.1,2.4904761904761905,24.7,37.41,15.8,217.490005493164,8.22999954223633,1456.7939999999996,neg,0,0,0,0,0,0,0,0,0,0,0,1
90.0,130.0,0.0,400.0,0.0,80.0,10.0,10.0,0.0,73.8,6.7714285714285705,2.3333333333333326,0.0,37.21,15.76,224.639999389648,8.25,1312.0199999999998,neg,0,0,0,0,0,0,0,0,0,0,0,1
190.0,170.0,0.0,800.0,0.0,110.0,10.0,20.0,20.0,73.8,6.7714285714285705,2.3333333333333326,0.0,37.36,15.97,223.300003051758,8.25,1312.0199999999998,neg,0,0,0,0,0,0,0,0,0,0,0,1
10.0,10.0,10.0,1300.0,0.0,0.0,0.0,0.0,0.0,99.20000000000002,8.947619047619046,3.666666666666666,98.5,,,,,5717.473,neg,0,0,1,0,0,0,0,0,0,0,0,0
10.0,10.0,0.0,1200.0,0.0,0.0,10.0,0.0,0.0,99.20000000000002,8.947619047619046,3.666666666666666,98.5,37.4799995422363,10.8900003433228,263.940002441406,8.23999977111816,5717.473,neg,0,0,1,0,0,0,0,0,0,0,0,0
30.0,10.0,0.0,4100.0,0.0,0.0,10.0,0.0,0.0,99.20000000000002,8.947619047619046,3.666666666666666,98.5,,,,,5717.473,neg,0,0,1,0,0,0,0,0,0,0,0,0
10.0,50.0,30.0,600.0,0.0,0.0,0.0,50.0,0.0,138.5,14.09047619047619,2.5619047619047617,21.599999999999998,37.8824275362,12.049,261.9831429636846,8.29,2642.388,neg,0,0,0,1,0,0,0,0,0,0,0,0
170.0,10.0,30.0,2200.0,0.0,0.0,0.0,10.0,0.0,138.5,14.09047619047619,2.5619047619047617,21.599999999999998,37.71,11.75,263.959991455078,8.27000045776367,2642.388,neg,0,0,0,1,0,0,0,0,0,0,0,0
150.0,10.0,60.0,7400.0,0.0,10.0,0.0,0.0,0.0,138.5,14.09047619047619,2.5619047619047617,21.599999999999998,37.08,11.61,270.760009765625,8.27999973297119,2642.388,neg,0,0,0,1,0,0,0,0,0,0,0,0
0.0,20.0,10.0,1300.0,0.0,0.0,10.0,10.0,0.0,156.29999999999998,13.704761904761906,3.228571428571429,21.800000000000004,37.65,15.11,255.800003051758,8.28999996185303,3022.2019999999993,neg,0,0,0,0,1,0,0,0,0,0,0,0
0.0,10.0,0.0,1375.0,0.0,0.0,10.0,0.0,0.0,156.29999999999998,13.704761904761906,3.228571428571429,21.800000000000004,37.49,15.14,253.169998168945,8.30000019073486,3022.2019999999993,neg,0,0,0,0,1,0,0,0,0,0,0,0
50.0,50.0,10.0,175800.0,0.0,0.0,0.0,20.0,0.0,156.29999999999998,13.704761904761906,3.228571428571429,21.800000000000004,37.6,15.2,219.240005493164,8.28999996185303,3022.2019999999993,neg,0,0,0,0,1,0,0,0,0,0,0,0
0.0,0.0,20.0,1400.0,0.0,0.0,0.0,0.0,0.0,161.50000000000003,14.952380952380953,2.776190476190476,74.10000000000001,37.65,15.11,255.800003051758,8.28999996185303,4222.006,neg,0,0,0,0,1,0,0,0,0,0,0,0
10.0,70.0,20.0,9250.0,0.0,0.0,20.0,20.0,0.0,161.50000000000003,14.952380952380953,2.776190476190476,74.10000000000001,37.6,15.2,219.240005493164,8.28999996185303,4222.006,neg,0,0,0,0,1,0,0,0,0,0,0,0
20.0,20.0,80.0,625.0,0.0,0.0,10.0,10.0,0.0,161.50000000000003,14.952380952380953,2.776190476190476,74.10000000000001,37.49,15.14,253.169998168945,8.30000019073486,4222.006,neg,0,0,0,0,1,0,0,0,0,0,0,0
230.0,70.0,40.0,900.0,0.0,0.0,20.0,20.0,0.0,165.00000000000003,16.328571428571433,2.757142857142857,74.9,35.3,17.21,251.160003662109,8.32999992370605,4497.661999999999,neg,0,0,0,0,1,0,0,0,0,0,0,0
80.0,30.0,180.0,2900.0,0.0,0.0,10.0,10.0,0.0,165.00000000000003,16.328571428571433,2.757142857142857,74.9,36.76,16.8,240.06302350041597,8.3100004196167,4497.661999999999,neg,0,0,0,0,1,0,0,0,0,0,0,0
230.0,90.0,90.0,900.0,0.0,0.0,0.0,40.0,0.0,165.00000000000003,16.328571428571433,2.757142857142857,74.9,37.61,15.48,253.669998168945,8.31999969482422,4497.661999999999,neg,0,0,0,0,1,0,0,0,0,0,0,0
70.0,130.0,160.0,500.0,10.0,0.0,30.0,90.0,0.0,136.60000000000002,20.219047619047622,2.4380952380952374,109.09999999999998,,,,,6643.1050000000005,neg,0,0,0,0,0,1,0,0,0,0,0,0
40.0,20.0,140.0,0.0,0.0,0.0,0.0,20.0,0.0,136.60000000000002,20.219047619047622,2.4380952380952374,109.09999999999998,36.76,17.11,253.220001220703,8.32999992370605,6643.1050000000005,neg,0,0,0,0,0,1,0,0,0,0,0,0
30.0,0.0,110.0,0.0,0.0,0.0,0.0,0.0,0.0,136.60000000000002,20.219047619047622,2.4380952380952374,109.09999999999998,,,,,6643.1050000000005,neg,0,0,0,0,0,1,0,0,0,0,0,0
70.0,60.0,140.0,1500.0,0.0,0.0,0.0,10.0,0.0,195.39999999999998,22.457142857142856,2.380952380952381,61.199999999999996,34.97,23.03,230.080001831055,8.43000030517578,6257.548000000002,neg,0,0,0,0,0,0,1,0,0,0,0,0
30.0,60.0,150.0,1100.0,0.0,0.0,10.0,20.0,0.0,195.39999999999998,22.457142857142856,2.380952380952381,61.199999999999996,35.01,22.97,230.089996337891,8.43000030517578,6257.548000000002,neg,0,0,0,0,0,0,1,0,0,0,0,0
90.0,60.0,60.0,600.0,0.0,0.0,10.0,20.0,0.0,195.39999999999998,22.457142857142856,2.380952380952381,61.199999999999996,36.5800018310547,21.6599998474121,226.869995117188,8.3100004196167,6257.548000000002,neg,0,0,0,0,0,0,1,0,0,0,0,0
10.0,10.0,40.0,400.0,0.0,0.0,10.0,0.0,0.0,253.99999999999997,25.019047619047623,2.2952380952380955,0.5,34.97,23.03,230.080001831055,8.43000030517578,4752.6140000000005,neg,0,0,0,0,0,0,1,0,0,0,0,0
50.0,20.0,20.0,500.0,0.0,0.0,10.0,0.0,0.0,253.99999999999997,25.019047619047623,2.2952380952380955,0.5,35.01,22.97,230.089996337891,8.43000030517578,4752.6140000000005,neg,0,0,0,0,0,0,1,0,0,0,0,0
50.0,90.0,10.0,200.0,0.0,0.0,20.0,50.0,0.0,253.99999999999997,25.019047619047623,2.2952380952380955,0.5,34.2900009155273,22.4599990844727,231.339996337891,8.39999961853027,4752.6140000000005,neg,0,0,0,0,0,0,1,0,0,0,0,0
10.0,80.0,90.0,250.0,50.0,0.0,10.0,20.0,0.0,223.69999999999996,24.538095238095234,2.4619047619047616,15.7,36.89,25.91,208.820007324219,8.32999992370605,1948.9539999999997,neg,0,0,0,0,0,0,1,0,0,0,0,0
0.0,40.0,10.0,0.0,0.0,0.0,0.0,40.0,0.0,223.69999999999996,24.538095238095234,2.4619047619047616,15.7,37.2400016784668,24.9300003051758,209.460006713867,8.27000045776367,1948.9539999999997,neg,0,0,0,0,0,0,1,0,0,0,0,0
0.0,20.0,50.0,500.0,20.0,0.0,0.0,0.0,0.0,223.69999999999996,24.538095238095234,2.4619047619047616,15.7,37.15,24.76,215.389999389648,8.32999992370605,1948.9539999999997,neg,0,0,0,0,0,0,1,0,0,0,0,0
0.0,50.0,60.0,18600.0,0.0,0.0,20.0,30.0,0.0,236.30000000000007,23.395238095238096,2.904761904761905,10.0,36.89,25.91,208.820007324219,8.32999992370605,1339.1740000000002,neg,0,0,0,0,0,0,0,1,0,0,0,0
0.0,40.0,60.0,32400.0,10.0,0.0,0.0,30.0,0.0,236.30000000000007,23.395238095238096,2.904761904761905,10.0,37.15,24.76,215.389999389648,8.32999992370605,1339.1740000000002,neg,0,0,0,0,0,0,0,1,0,0,0,0
0.0,60.0,30.0,27800.0,10.0,0.0,40.0,10.0,0.0,236.30000000000007,23.395238095238096,2.904761904761905,10.0,36.76,25.24,209.869995117188,8.3100004196167,1339.1740000000002,neg,0,0,0,0,0,0,0,1,0,0,0,0
30.0,570.0,10.0,70000.0,0.0,480.0,70.0,0.0,0.0,249.1,22.504761904761907,2.7523809523809524,38.6,36.8499984741211,24.1800003051758,219.729995727539,8.31999969482422,1405.0710000000001,neg,0,0,0,0,0,0,0,1,0,0,0,0
80.0,1090.0,180.0,33600.0,60.0,950.0,40.0,0.0,0.0,249.1,22.504761904761907,2.7523809523809524,38.6,37.62,24.63,207.979995727539,8.31999969482422,1405.0710000000001,neg,0,0,0,0,0,0,0,1,0,0,0,0
10.0,180.0,0.0,77200.0,0.0,50.0,70.0,10.0,0.0,249.1,22.504761904761907,2.7523809523809524,38.6,37.24,24.77,211.020004272461,8.34000015258789,1405.0710000000001,neg,0,0,0,0,0,0,0,1,0,0,0,0
10.0,490.0,20.0,137600.0,40.0,370.0,30.0,0.0,40.0,198.89999999999998,22.771428571428572,2.733333333333333,13.4,37.62,24.63,207.979995727539,8.31999969482422,1145.6770000000001,neg,0,0,0,0,0,0,0,0,1,0,0,0
50.0,60.0,20.0,147000.0,10.0,30.0,20.0,0.0,0.0,198.89999999999998,22.771428571428572,2.733333333333333,13.4,37.24,24.77,211.020004272461,8.34000015258789,1145.6770000000001,neg,0,0,0,0,0,0,0,0,1,0,0,0
10.0,90.0,10.0,70600.0,0.0,40.0,30.0,0.0,10.0,154.20000000000002,19.65714285714286,2.838095238095238,44.699999999999996,37.3199996948242,24.4500007629395,208.559997558594,8.31999969482422,1073.5240000000001,neg,0,0,0,0,0,0,0,0,1,0,0,0
20.0,50.0,10.0,108600.0,20.0,0.0,30.0,0.0,0.0,154.20000000000002,19.65714285714286,2.838095238095238,44.699999999999996,37.45,24.25,203.679992675781,8.35999965667725,1073.5240000000001,neg,0,0,0,0,0,0,0,0,1,0,0,0
20.0,30.0,0.0,403600.0,0.0,0.0,10.0,0.0,20.0,154.20000000000002,19.65714285714286,2.838095238095238,44.699999999999996,37.6,23.96,207.809997558594,8.32999992370605,1073.5240000000001,neg,0,0,0,0,0,0,0,0,1,0,0,0
20.0,30.0,0.0,70600.0,0.0,0.0,10.0,0.0,0.0,153.69999999999996,14.438095238095238,2.9142857142857146,29.699999999999996,37.45,24.25,203.679992675781,8.35999965667725,1089.0079999999996,neg,0,0,0,0,0,0,0,0,0,1,0,0
20.0,40.0,40.0,35600.0,0.0,0.0,40.0,0.0,0.0,153.69999999999996,14.438095238095238,2.9142857142857146,29.699999999999996,37.6,23.96,207.809997558594,8.32999992370605,1089.0079999999996,neg,0,0,0,0,0,0,0,0,0,1,0,0
10.0,110.0,10.0,29600.0,10.0,10.0,40.0,0.0,50.0,153.69999999999996,14.438095238095238,2.9142857142857146,29.699999999999996,37.5400009155273,23.6800003051758,204.990005493164,8.32999992370605,1089.0079999999996,neg,0,0,0,0,0,0,0,0,0,1,0,0
0.0,20.0,10.0,8300.0,0.0,0.0,10.0,0.0,10.0,106.29999999999998,13.99047619047619,2.480952380952381,86.89999999999998,37.56,19.08,196.660003662109,8.35000038146973,1247.848,neg,0,0,0,0,0,0,0,0,0,1,0,0
10.0,90.0,20.0,6900.0,10.0,10.0,50.0,0.0,20.0,106.29999999999998,13.99047619047619,2.480952380952381,86.89999999999998,37.5,19.59,201.380004882813,8.35999965667725,1247.848,neg,0,0,0,0,0,0,0,0,0,1,0,0
10.0,50.0,20.0,7100.0,10.0,0.0,20.0,0.0,10.0,106.29999999999998,13.99047619047619,2.480952380952381,86.89999999999998,37.45,22.91,203.199996948242,8.35999965667725,1247.848,neg,0,0,0,0,0,0,0,0,0,1,0,0
0.0,20.0,10.0,73625.0,0.0,10.0,10.0,0.0,0.0,84.89999999999999,13.352380952380955,2.1285714285714286,117.59999999999997,37.5,19.59,201.380004882813,8.35999965667725,2354.4379999999996,neg,0,0,0,0,0,0,0,0,0,1,0,0
0.0,20.0,0.0,77000.0,0.0,20.0,0.0,0.0,0.0,84.89999999999999,13.352380952380955,2.1285714285714286,117.59999999999997,37.56,19.08,196.660003662109,8.35000038146973,2354.4379999999996,neg,0,0,0,0,0,0,0,0,0,1,0,0
0.0,20.0,0.0,52000.0,20.0,0.0,0.0,0.0,0.0,84.89999999999999,13.352380952380955,2.1285714285714286,117.59999999999997,36.9000015258789,21.3600006103516,210.800003051758,8.42000007629395,2354.4379999999996,neg,0,0,0,0,0,0,0,0,0,1,0,0
0.0,0.0,0.0,2400.0,0.0,0.0,0.0,0.0,0.0,99.60000000000001,12.41904761904762,2.5619047619047617,80.5,37.5,19.59,201.380004882813,8.35999965667725,6326.246,neg,0,0,0,0,0,0,0,0,0,0,1,0
0.0,30.0,0.0,6000.0,0.0,10.0,10.0,0.0,0.0,99.60000000000001,12.41904761904762,2.5619047619047617,80.5,37.56,19.08,196.660003662109,8.35000038146973,6326.246,neg,0,0,0,0,0,0,0,0,0,0,1,0
0.0,0.0,0.0,15150.0,0.0,0.0,0.0,0.0,0.0,99.60000000000001,12.41904761904762,2.5619047619047617,80.5,37.61,19.27,198.029998779297,8.34000015258789,6326.246,neg,0,0,0,0,0,0,0,0,0,0,1,0
10.0,40.0,0.0,2000.0,0.0,10.0,10.0,0.0,0.0,80.8,9.666666666666666,2.7142857142857144,39.6,,,,,7008.128,neg,0,0,0,0,0,0,0,0,0,0,1,0
30.0,60.0,0.0,1000.0,0.0,10.0,40.0,0.0,10.0,47.4,9.752380952380953,2.3476190476190473,167.39999999999998,37.84,17.12,214.369995117188,8.25,10285.348000000002,neg,0,0,0,0,0,0,0,0,0,0,1,0
30.0,20.0,0.0,400.0,0.0,0.0,10.0,0.0,10.0,47.4,9.752380952380953,2.3476190476190473,167.39999999999998,35.17,14.89,251.110000610352,8.1899995803833,10285.348000000002,neg,0,0,0,0,0,0,0,0,0,0,1,0
0.0,10.0,0.0,390.0,0.0,0.0,0.0,0.0,10.0,47.4,9.752380952380953,2.3476190476190473,167.39999999999998,35.02,15.38,243.190002441406,8.15999984741211,10285.348000000002,neg,0,0,0,0,0,0,0,0,0,0,1,0
10.0,10.0,0.0,200.0,0.0,0.0,10.0,0.0,0.0,71.50000000000001,7.233333333333333,2.276190476190476,17.0,35.02,15.38,243.190002441406,8.15999984741211,6806.818,neg,0,0,0,0,0,0,0,0,0,0,0,1
0.0,20.0,0.0,310.0,0.0,0.0,10.0,0.0,0.0,71.50000000000001,7.233333333333333,2.276190476190476,17.0,36.7900009155273,15.1300001144409,243.839996337891,8.17000007629395,6806.818,neg,0,0,0,0,0,0,0,0,0,0,0,1
0.0,10.0,0.0,1300.0,0.0,0.0,10.0,0.0,0.0,71.50000000000001,7.233333333333333,2.276190476190476,17.0,35.17,14.89,251.110000610352,8.1899995803833,6806.818,neg,0,0,0,0,0,0,0,0,0,0,0,1
10.0,0.0,0.0,500.0,0.0,0.0,0.0,0.0,0.0,122.59999999999997,1.5619047619047621,3.6761904761904765,42.9,,,,,1358.707,neg,1,0,0,0,0,0,0,0,0,0,0,0
20.0,0.0,0.0,530.0,0.0,0.0,0.0,0.0,0.0,122.59999999999997,1.5619047619047621,3.6761904761904765,42.9,,,,,1358.707,neg,1,0,0,0,0,0,0,0,0,0,0,0
10.0,0.0,0.0,500.0,0.0,0.0,0.0,0.0,0.0,122.59999999999997,1.5619047619047621,3.6761904761904765,42.9,,,,,1358.707,neg,1,0,0,0,0,0,0,0,0,0,0,0
20.0,20.0,10.0,4300.0,0.0,0.0,10.0,0.0,10.0,71.2,5.5095238095238095,2.5142857142857142,109.60000000000001,38.41,9.6,262.600006103516,8.27999973297119,4527.7210000000005,neg,0,1,0,0,0,0,0,0,0,0,0,0
40.0,0.0,20.0,1700.0,0.0,0.0,0.0,0.0,0.0,71.2,5.5095238095238095,2.5142857142857142,109.60000000000001,38.38,9.53,262.600006103516,8.27999973297119,4527.7210000000005,neg,0,1,0,0,0,0,0,0,0,0,0,0
50.0,10.0,0.0,4600.0,0.0,0.0,10.0,0.0,0.0,71.2,5.5095238095238095,2.5142857142857142,109.60000000000001,38.15,9.19,265.730010986328,8.23999977111816,4527.7210000000005,neg,0,1,0,0,0,0,0,0,0,0,0,0
90.0,10.0,40.0,5500.0,0.0,0.0,0.0,0.0,10.0,118.2,8.942857142857143,3.023809523809524,49.699999999999996,37.89,9.08,282.26190989090964,8.3100004196167,4265.7789999999995,neg,0,0,1,0,0,0,0,0,0,0,0,0
80.0,20.0,10.0,1700.0,0.0,0.0,20.0,0.0,0.0,118.2,8.942857142857143,3.023809523809524,49.699999999999996,37.82,8.76,284.480010986328,8.27000045776367,4265.7789999999995,neg,0,0,1,0,0,0,0,0,0,0,0,0
150.0,30.0,10.0,2200.0,0.0,10.0,10.0,0.0,0.0,118.2,8.942857142857143,3.023809523809524,49.699999999999996,37.93,8.68,284.480010986328,8.3100004196167,4265.7789999999995,neg,0,0,1,0,0,0,0,0,0,0,0,0
160.0,20.0,90.0,4100.0,0.0,0.0,10.0,10.0,0.0,194.80000000000004,12.80952380952381,3.1666666666666674,5.2,36.92,9.61,278.230010986328,8.27999973297119,1924.614,neg,0,0,0,1,0,0,0,0,0,0,0,0
240.0,40.0,30.0,1200.0,10.0,0.0,30.0,0.0,0.0,194.80000000000004,12.80952380952381,3.1666666666666674,5.2,37.36,10.47,281.359985351563,8.27999973297119,1924.614,neg,0,0,0,1,0,0,0,0,0,0,0,0
200.0,10.0,10.0,1500.0,0.0,0.0,0.0,0.0,0.0,194.80000000000004,12.80952380952381,3.1666666666666674,5.2,37.61,9.81,284.480010986328,8.28999996185303,1924.614,neg,0,0,0,1,0,0,0,0,0,0,0,0
110.0,30.0,10.0,1100.0,0.0,0.0,0.0,10.0,0.0,174.59999999999997,12.180952380952382,2.8476190476190477,46.300000000000004,38.08,14.4,265.730010986328,8.30000019073486,1694.492,neg,0,0,0,1,0,0,0,0,0,0,0,0
130.0,30.0,10.0,1600.0,0.0,0.0,30.0,0.0,0.0,174.59999999999997,12.180952380952382,2.8476190476190477,46.300000000000004,37.31,14.25,278.230010986328,8.32999992370605,1694.492,neg,0,0,0,1,0,0,0,0,0,0,0,0
80.0,50.0,30.0,2400.0,0.0,10.0,10.0,10.0,0.0,174.59999999999997,12.180952380952382,2.8476190476190477,46.300000000000004,37.91,14.57,268.850006103516,8.28999996185303,1694.492,neg,0,0,0,1,0,0,0,0,0,0,0,0
140.0,60.0,30.0,600.0,0.0,0.0,10.0,30.0,0.0,150.60000000000002,15.257142857142856,3.266666666666667,60.4,,,,,6721.329000000001,neg,0,0,0,0,1,0,0,0,0,0,0,0
410.0,50.0,20.0,500.0,0.0,10.0,10.0,20.0,0.0,150.60000000000002,15.257142857142856,3.266666666666667,60.4,,,,,6721.329000000001,neg,0,0,0,0,1,0,0,0,0,0,0,0
90.0,0.0,20.0,700.0,0.0,0.0,0.0,0.0,0.0,150.60000000000002,15.257142857142856,3.266666666666667,60.4,,,,,6721.329000000001,neg,0,0,0,0,1,0,0,0,0,0,0,0
80.0,50.0,60.0,1200.0,0.0,0.0,0.0,50.0,0.0,227.2,19.46666666666667,3.0095238095238095,6.199999999999999,36.83,16.0,242.0448281851807,8.27000045776367,3788.943,neg,0,0,0,0,1,0,0,0,0,0,0,0
110.0,150.0,20.0,1000.0,10.0,0.0,20.0,120.0,0.0,227.2,19.46666666666667,3.0095238095238095,6.199999999999999,37.21,14.72,265.730010986328,8.30000019073486,3788.943,neg,0,0,0,0,1,0,0,0,0,0,0,0
70.0,60.0,50.0,1300.0,0.0,0.0,20.0,10.0,10.0,227.2,19.46666666666667,3.0095238095238095,6.199999999999999,36.46,16.04,256.350006103516,8.27999973297119,3788.943,neg,0,0,0,0,1,0,0,0,0,0,0,0
0.0,110.0,60.0,4000.0,0.0,0.0,0.0,70.0,0.0,248.20000000000002,20.923809523809524,3.1952380952380954,3.5999999999999996,36.83,16.0,242.0448281851807,8.27000045776367,3195.047,neg,0,0,0,0,0,1,0,0,0,0,0,0
150.0,220.0,50.0,3000.0,10.0,0.0,10.0,200.0,0.0,248.20000000000002,20.923809523809524,3.1952380952380954,3.5999999999999996,37.21,14.72,265.730010986328,8.30000019073486,3195.047,neg,0,0,0,0,0,1,0,0,0,0,0,0
170.0,70.0,110.0,1000.0,0.0,0.0,0.0,50.0,0.0,248.20000000000002,20.923809523809524,3.1952380952380954,3.5999999999999996,36.46,16.04,256.350006103516,8.27999973297119,3195.047,neg,0,0,0,0,0,1,0,0,0,0,0,0
40.0,70.0,30.0,400.0,0.0,0.0,10.0,30.0,0.0,231.00000000000003,23.6047619047619,2.8428571428571425,13.8,33.82,23.45,234.470001220703,8.36999988555908,2201.58,neg,0,0,0,0,0,1,0,0,0,0,0,0
0.0,110.0,0.0,600.0,0.0,0.0,10.0,100.0,0.0,231.00000000000003,23.6047619047619,2.8428571428571425,13.8,32.74,24.59,234.470001220703,8.35999965667725,2201.58,neg,0,0,0,0,0,1,0,0,0,0,0,0
10.0,0.0,0.0,1000.0,0.0,0.0,0.0,0.0,0.0,231.00000000000003,23.6047619047619,2.8428571428571425,13.8,33.65,23.38,228.210006713867,8.36999988555908,2201.58,neg,0,0,0,0,0,1,0,0,0,0,0,0
0.0,20.0,0.0,1500.0,0.0,0.0,20.0,0.0,0.0,230.60000000000002,24.542857142857137,3.10952380952381,76.0,33.65,23.38,228.210006713867,8.36999988555908,2379.706,neg,0,0,0,0,0,0,1,0,0,0,0,0
20.0,100.0,0.0,6500.0,0.0,10.0,10.0,30.0,0.0,230.60000000000002,24.542857142857137,3.10952380952381,76.0,32.74,24.59,234.470001220703,8.35999965667725,2379.706,neg,0,0,0,0,0,0,1,0,0,0,0,0
10.0,70.0,0.0,700.0,20.0,0.0,10.0,30.0,0.0,230.60000000000002,24.542857142857137,3.10952380952381,76.0,33.82,23.45,234.470001220703,8.36999988555908,2379.706,neg,0,0,0,0,0,0,1,0,0,0,0,0
10.0,110.0,0.0,3000.0,0.0,0.0,40.0,40.0,0.0,247.79999999999995,24.77142857142857,3.019047619047619,4.3,35.94,24.72,209.460006713867,8.22999954223633,2344.937,neg,0,0,0,0,0,0,1,0,0,0,0,0
0.0,20.0,0.0,2300.0,0.0,0.0,0.0,20.0,0.0,247.79999999999995,24.77142857142857,3.019047619047619,4.3,36.11,25.02,206.330001831055,8.26000022888184,2344.937,neg,0,0,0,0,0,0,1,0,0,0,0,0
0.0,150.0,0.0,7900.0,30.0,10.0,50.0,50.0,0.0,247.79999999999995,24.77142857142857,3.019047619047619,4.3,36.16,23.78,212.580001831055,8.27000045776367,2344.937,neg,0,0,0,0,0,0,1,0,0,0,0,0
0.0,100.0,0.0,1700.0,10.0,50.0,20.0,20.0,0.0,240.19999999999993,25.114285714285714,3.0857142857142854,20.0,35.94,24.72,209.460006713867,8.22999954223633,1294.52,neg,0,0,0,0,0,0,0,1,0,0,0,0
20.0,50.0,0.0,400.0,10.0,20.0,20.0,0.0,0.0,240.19999999999993,25.114285714285714,3.0857142857142854,20.0,36.11,25.02,206.330001831055,8.26000022888184,1294.52,neg,0,0,0,0,0,0,0,1,0,0,0,0
20.0,250.0,0.0,1625.0,70.0,160.0,0.0,10.0,0.0,240.19999999999993,25.114285714285714,3.0857142857142854,20.0,36.16,23.78,212.580001831055,8.27000045776367,1294.52,neg,0,0,0,0,0,0,0,1,0,0,0,0
20.0,120.0,0.0,0.0,70.0,0.0,10.0,40.0,0.0,235.99999999999997,23.82857142857143,3.3190476190476192,36.9,37.31,23.21,212.2759137834825,8.30000019073486,1179.2220000000002,neg,0,0,0,0,0,0,0,1,0,0,0,0
0.0,160.0,0.0,0.0,20.0,80.0,10.0,20.0,0.0,235.99999999999997,23.82857142857143,3.3190476190476192,36.9,37.23,23.23,215.710006713867,8.27000045776367,1179.2220000000002,neg,0,0,0,0,0,0,0,1,0,0,0,0
0.0,90.0,0.0,1100.0,50.0,10.0,10.0,20.0,0.0,235.99999999999997,23.82857142857143,3.3190476190476192,36.9,37.38,22.98,212.53598474827436,8.27999973297119,1179.2220000000002,neg,0,0,0,0,0,0,0,1,0,0,0,0
0.0,200.0,0.0,300.0,70.0,90.0,20.0,20.0,0.0,235.50000000000003,23.038095238095238,3.309523809523809,20.999999999999996,37.23,23.23,215.710006713867,8.27000045776367,1098.361,neg,0,0,0,0,0,0,0,1,0,0,0,0
0.0,50.0,0.0,800.0,10.0,0.0,0.0,30.0,0.0,235.50000000000003,23.038095238095238,3.309523809523809,20.999999999999996,37.38,22.98,212.53598474827436,8.27999973297119,1098.361,neg,0,0,0,0,0,0,0,1,0,0,0,0
0.0,50.0,10.0,0.0,0.0,0.0,20.0,30.0,0.0,235.50000000000003,23.038095238095238,3.309523809523809,20.999999999999996,37.31,23.21,212.2759137834825,8.30000019073486,1098.361,neg,0,0,0,0,0,0,0,1,0,0,0,0
0.0,30.0,0.0,62300.0,10.0,0.0,10.0,0.0,10.0,157.89999999999998,20.647619047619052,3.1523809523809527,123.7,37.31,23.21,212.2759137834825,8.30000019073486,2352.25,neg,0,0,0,0,0,0,0,0,1,0,0,0
20.0,60.0,0.0,61300.0,0.0,50.0,10.0,0.0,0.0,157.89999999999998,20.647619047619052,3.1523809523809527,123.7,37.38,22.98,212.53598474827436,8.27999973297119,2352.25,neg,0,0,0,0,0,0,0,0,1,0,0,0
60.0,310.0,0.0,21400.0,30.0,250.0,0.0,0.0,0.0,157.89999999999998,20.647619047619052,3.1523809523809527,123.7,37.23,23.23,215.710006713867,8.27000045776367,2352.25,neg,0,0,0,0,0,0,0,0,1,0,0,0
10.0,130.0,0.0,31600.0,10.0,110.0,10.0,0.0,0.0,107.20000000000002,17.738095238095234,3.1095238095238096,212.49999999999997,36.47,22.15,212.580001831055,8.34000015258789,4944.766999999999,poz,0,0,0,0,0,0,0,0,1,0,0,0
0.0,10.0,0.0,5300.0,0.0,10.0,0.0,0.0,0.0,107.20000000000002,17.738095238095234,3.1095238095238096,212.49999999999997,36.85,23.16,193.820007324219,8.3100004196167,4944.766999999999,poz,0,0,0,0,0,0,0,0,1,0,0,0
20.0,160.0,0.0,66000.0,0.0,120.0,10.0,0.0,30.0,107.20000000000002,17.738095238095234,3.1095238095238096,212.49999999999997,37.07,23.56,196.949996948242,8.30000019073486,4944.766999999999,poz,0,0,0,0,0,0,0,0,1,0,0,0
0.0,160.0,10.0,17600.0,0.0,70.0,0.0,0.0,90.0,130.2,15.733333333333333,3.0476190476190474,145.39999999999998,36.47,22.15,212.580001831055,8.34000015258789,5741.958999999999,poz,0,0,0,0,0,0,0,0,0,1,0,0
10.0,220.0,10.0,2300.0,0.0,120.0,0.0,0.0,100.0,130.2,15.733333333333333,3.0476190476190474,145.39999999999998,36.85,23.16,193.820007324219,8.3100004196167,5741.958999999999,poz,0,0,0,0,0,0,0,0,0,1,0,0
0.0,100.0,0.0,6800.0,0.0,60.0,10.0,0.0,20.0,130.2,15.733333333333333,3.0476190476190474,145.39999999999998,37.07,23.56,196.949996948242,8.30000019073486,5741.958999999999,poz,0,0,0,0,0,0,0,0,0,1,0,0
0.0,20.0,10.0,5000.0,0.0,0.0,0.0,0.0,10.0,152.6,14.819047619047618,3.0380952380952384,7.4,,,,,4131.604,neg,0,0,0,0,0,0,0,0,0,1,0,0
30.0,40.0,0.0,4100.0,0.0,30.0,0.0,0.0,0.0,152.6,14.819047619047618,3.0380952380952384,7.4,,,,,4131.604,neg,0,0,0,0,0,0,0,0,0,1,0,0
0.0,60.0,10.0,4400.0,0.0,30.0,10.0,0.0,20.0,152.6,14.819047619047618,3.0380952380952384,7.4,,,,,4131.604,neg,0,0,0,0,0,0,0,0,0,1,0,0
0.0,0.0,0.0,5500.0,0.0,0.0,0.0,0.0,0.0,128.9,13.552380952380954,3.0619047619047626,58.400000000000006,37.92,19.83,218.830001831055,8.1899995803833,1888.469,neg,0,0,0,0,0,0,0,0,0,1,0,0
0.0,90.0,0.0,9000.0,0.0,20.0,40.0,0.0,30.0,128.9,13.552380952380954,3.0619047619047626,58.400000000000006,37.89,19.68,221.960006713867,8.18000030517578,1888.469,neg,0,0,0,0,0,0,0,0,0,1,0,0
0.0,20.0,0.0,2750.0,0.0,10.0,10.0,0.0,0.0,128.9,13.552380952380954,3.0619047619047626,58.400000000000006,37.88,19.52,221.960006713867,8.21000003814697,1888.469,neg,0,0,0,0,0,0,0,0,0,1,0,0
0.0,20.0,20.0,4300.0,0.0,0.0,0.0,0.0,20.0,91.00000000000001,10.342857142857142,3.9142857142857133,102.0,,,,,3235.15,neg,0,0,0,0,0,0,0,0,0,0,1,0
0.0,0.0,0.0,2500.0,0.0,0.0,0.0,0.0,0.0,91.00000000000001,10.342857142857142,3.9142857142857133,102.0,,,,,3235.15,neg,0,0,0,0,0,0,0,0,0,0,1,0
0.0,0.0,0.0,5100.0,0.0,0.0,0.0,0.0,0.0,91.00000000000001,10.342857142857142,3.9142857142857133,102.0,,,,,3235.15,neg,0,0,0,0,0,0,0,0,0,0,1,0
20.0,40.0,20.0,1300.0,0.0,0.0,10.0,0.0,30.0,90.9,7.700000000000002,3.4761904761904763,72.4,38.43,15.83,221.960006713867,8.1899995803833,4818.3060000000005,neg,0,0,0,0,0,0,0,0,0,0,0,1
0.0,50.0,0.0,300.0,0.0,0.0,0.0,0.0,50.0,90.9,7.700000000000002,3.4761904761904763,72.4,38.04,14.85,237.589996337891,8.1899995803833,4818.3060000000005,neg,0,0,0,0,0,0,0,0,0,0,0,1
0.0,20.0,10.0,1500.0,10.0,0.0,0.0,0.0,10.0,90.9,7.700000000000002,3.4761904761904763,72.4,38.19,15.3,225.5392208152794,8.18000030517578,4818.3060000000005,neg,0,0,0,0,0,0,0,0,0,0,0,1
0.0,0.0,0.0,250.0,0.0,0.0,0.0,0.0,0.0,63.29999999999999,6.295238095238096,3.2285714285714286,231.10000000000002,38.43,15.83,221.960006713867,8.1899995803833,9249.022,neg,0,0,0,0,0,0,0,0,0,0,0,1
0.0,0.0,0.0,130.0,0.0,0.0,0.0,0.0,0.0,63.29999999999999,6.295238095238096,3.2285714285714286,231.10000000000002,38.19,15.3,225.5392208152794,8.18000030517578,9249.022,neg,0,0,0,0,0,0,0,0,0,0,0,1
0.0,0.0,0.0,160.0,0.0,0.0,0.0,0.0,0.0,63.29999999999999,6.295238095238096,3.2285714285714286,231.10000000000002,38.04,14.85,237.589996337891,8.1899995803833,9249.022,neg,0,0,0,0,0,0,0,0,0,0,0,1
0.0,0.0,0.0,2600.0,0.0,0.0,0.0,0.0,0.0,45.5,7.695238095238094,2.657142857142857,71.39999999999999,37.57,12.61,240.720001220703,8.17000007629395,7153.088000000001,neg,1,0,0,0,0,0,0,0,0,0,0,0
0.0,10.0,0.0,2200.0,0.0,0.0,0.0,0.0,0.0,45.5,7.695238095238094,2.657142857142857,71.39999999999999,37.65,12.03,246.970001220703,8.17000007629395,7153.088000000001,neg,1,0,0,0,0,0,0,0,0,0,0,0
10.0,10.0,0.0,14000.0,0.0,0.0,10.0,0.0,0.0,45.5,7.695238095238094,2.657142857142857,71.39999999999999,37.24,11.55,250.100006103516,8.18000030517578,7153.088000000001,neg,1,0,0,0,0,0,0,0,0,0,0,0
30.0,20.0,0.0,2100.0,0.0,0.0,20.0,0.0,0.0,64.5,5.628571428571429,2.5761904761904764,83.4,37.92,10.98,256.8347407322304,,3759.0909999999994,neg,0,1,0,0,0,0,0,0,0,0,0,0
10.0,10.0,0.0,8500.0,0.0,0.0,0.0,0.0,10.0,64.5,5.628571428571429,2.5761904761904764,83.4,37.9,11.31,255.92436376406025,8.1899995803833,3759.0909999999994,neg,0,1,0,0,0,0,0,0,0,0,0,0
10.0,0.0,0.0,13400.0,0.0,0.0,0.0,0.0,0.0,64.5,5.628571428571429,2.5761904761904764,83.4,37.78,10.61,262.63305920512744,8.19999980926514,3759.0909999999994,neg,0,1,0,0,0,0,0,0,0,0,0,0
50.0,0.0,0.0,1000.0,0.0,0.0,0.0,0.0,0.0,66.7,5.199999999999999,3.080952380952381,48.300000000000004,38.0,9.61,268.2632959189538,8.1899995803833,3166.745,neg,0,0,1,0,0,0,0,0,0,0,0,0
60.0,0.0,10.0,300.0,0.0,0.0,0.0,0.0,0.0,66.7,5.199999999999999,3.080952380952381,48.300000000000004,37.59,9.16,271.799723307292,8.19999980926514,3166.745,neg,0,0,1,0,0,0,0,0,0,0,0,0
90.0,0.0,20.0,1300.0,0.0,0.0,0.0,0.0,0.0,66.7,5.199999999999999,3.080952380952381,48.300000000000004,37.9700012207031,9.59000015258789,269.630004882813,8.18000030517578,3166.745,neg,0,0,1,0,0,0,0,0,0,0,0,0
100.0,0.0,0.0,8400.0,0.0,0.0,0.0,0.0,0.0,131.6,9.385714285714286,3.4380952380952374,23.3,35.06,10.28,283.06722774559034,8.18000030517578,6725.731,neg,0,0,0,1,0,0,0,0,0,0,0,0
60.0,0.0,0.0,7400.0,0.0,0.0,0.0,0.0,0.0,131.6,9.385714285714286,3.4380952380952374,23.3,37.7700004577637,8.34000015258789,279.100006103516,8.14999961853027,6725.731,neg,0,0,0,1,0,0,0,0,0,0,0,0
60.0,0.0,0.0,5000.0,0.0,0.0,0.0,0.0,0.0,131.6,9.385714285714286,3.4380952380952374,23.3,36.65,9.92,283.7745174974286,8.17000007629395,6725.731,neg,0,0,0,1,0,0,0,0,0,0,0,0
180.0,0.0,10.0,12000.0,0.0,0.0,0.0,0.0,0.0,157.6,14.614285714285714,2.8333333333333335,26.8,,,,,6564.878000000001,neg,0,0,0,1,0,0,0,0,0,0,0,0
320.0,10.0,40.0,5800.0,0.0,0.0,10.0,0.0,0.0,157.6,14.614285714285714,2.8333333333333335,26.8,,,,,6564.878000000001,neg,0,0,0,1,0,0,0,0,0,0,0,0
110.0,10.0,20.0,4100.0,0.0,0.0,10.0,0.0,0.0,157.6,14.614285714285714,2.8333333333333335,26.8,,,,,6564.878000000001,neg,0,0,0,1,0,0,0,0,0,0,0,0
70.0,10.0,10.0,20100.0,0.0,0.0,10.0,0.0,0.0,204.70000000000005,18.085714285714282,2.742857142857143,38.9,36.79,16.06,263.6834793731947,8.19999980926514,5618.969,neg,0,0,0,0,1,0,0,0,0,0,0,0
70.0,20.0,20.0,10900.0,0.0,0.0,0.0,0.0,0.0,204.70000000000005,18.085714285714282,2.742857142857143,38.9,37.0,15.73,265.79831761806304,8.19999980926514,5618.969,neg,0,0,0,0,1,0,0,0,0,0,0,0
20.0,10.0,0.0,12600.0,0.0,0.0,0.0,0.0,0.0,204.70000000000005,18.085714285714282,2.742857142857143,38.9,37.59,14.81,261.4565723750441,8.21000003814697,5618.969,neg,0,0,0,0,1,0,0,0,0,0,0,0
50.0,40.0,10.0,12300.0,0.0,0.0,20.0,0.0,0.0,171.4,18.233333333333334,2.4333333333333336,52.9,37.59,14.81,261.4565723750441,8.21000003814697,4402.441,neg,0,0,0,0,1,0,0,0,0,0,0,0
90.0,20.0,50.0,13100.0,10.0,0.0,10.0,0.0,0.0,171.4,18.233333333333334,2.4333333333333336,52.9,36.79,16.06,263.6834793731947,8.19999980926514,4402.441,neg,0,0,0,0,1,0,0,0,0,0,0,0
100.0,80.0,30.0,8800.0,0.0,0.0,20.0,0.0,0.0,171.4,18.233333333333334,2.4333333333333336,52.9,37.0,15.73,265.79831761806304,8.19999980926514,4402.441,neg,0,0,0,0,1,0,0,0,0,0,0,0
30.0,40.0,50.0,500.0,0.0,0.0,40.0,0.0,0.0,203.3,20.75714285714286,2.295238095238095,11.1,37.7999992370605,18.3999996185303,247.410003662109,8.10999965667725,3254.5340000000006,neg,0,0,0,0,0,1,0,0,0,0,0,0
20.0,20.0,50.0,2000.0,0.0,0.0,0.0,10.0,0.0,203.3,20.75714285714286,2.295238095238095,11.1,36.99,20.56,234.12464045676893,8.19999980926514,3254.5340000000006,neg,0,0,0,0,0,1,0,0,0,0,0,0
30.0,110.0,20.0,10000.0,0.0,0.0,80.0,20.0,0.0,203.3,20.75714285714286,2.295238095238095,11.1,37.0,20.28,235.12605725884106,8.21000003814697,3254.5340000000006,neg,0,0,0,0,0,1,0,0,0,0,0,0
0.0,60.0,20.0,17300.0,0.0,0.0,40.0,10.0,0.0,215.79999999999998,22.947619047619046,2.676190476190476,28.3,,,,,2643.3179999999993,neg,0,0,0,0,0,1,0,0,0,0,0,0
40.0,60.0,10.0,7400.0,10.0,0.0,10.0,10.0,0.0,215.79999999999998,22.947619047619046,2.676190476190476,28.3,,,,,2643.3179999999993,neg,0,0,0,0,0,1,0,0,0,0,0,0
10.0,30.0,10.0,8600.0,0.0,0.0,10.0,0.0,0.0,215.79999999999998,22.947619047619046,2.676190476190476,28.3,37.2099990844727,22.7900009155273,221.669998168945,8.17000007629395,2643.3179999999993,neg,0,0,0,0,0,1,0,0,0,0,0,0
0.0,10.0,0.0,6500.0,0.0,0.0,10.0,0.0,0.0,204.0,22.4,2.776190476190476,63.5,37.6,21.26,229.5238163624825,8.14999961853027,2009.8610000000006,neg,0,0,0,0,0,0,1,0,0,0,0,0
10.0,100.0,30.0,7100.0,10.0,0.0,50.0,0.0,0.0,204.0,22.4,2.776190476190476,63.5,36.78,24.4,211.54060684332356,8.17000007629395,2009.8610000000006,neg,0,0,0,0,0,0,1,0,0,0,0,0
10.0,30.0,0.0,5100.0,0.0,0.0,20.0,0.0,0.0,204.0,22.4,2.776190476190476,63.5,37.1300010681152,24.9699993133545,206.779998779297,8.14000034332275,2009.8610000000006,neg,0,0,0,0,0,0,1,0,0,0,0,0
10.0,190.0,20.0,4100.0,70.0,0.0,30.0,80.0,0.0,191.2,23.1,2.6047619047619044,25.599999999999998,36.78,24.4,211.54060684332356,8.17000007629395,1652.5659999999998,neg,0,0,0,0,0,0,1,0,0,0,0,0
0.0,20.0,10.0,4900.0,0.0,0.0,0.0,10.0,0.0,191.2,23.1,2.6047619047619044,25.599999999999998,37.6,21.26,229.5238163624825,8.14999961853027,1652.5659999999998,neg,0,0,0,0,0,0,1,0,0,0,0,0
0.0,30.0,30.0,4600.0,0.0,0.0,20.0,10.0,0.0,191.2,23.1,2.6047619047619044,25.599999999999998,37.06,23.19,218.4873949579832,8.14000034332275,1652.5659999999998,neg,0,0,0,0,0,0,1,0,0,0,0,0
0.0,80.0,20.0,4000.0,70.0,0.0,10.0,0.0,0.0,236.19999999999996,24.861904761904764,2.804761904761905,18.5,37.2799987792969,24.5799999237061,208.539993286133,8.10000038146973,1346.7880000000002,neg,0,0,0,0,0,0,0,1,0,0,0,0
540.0,510.0,210.0,6125.0,0.0,0.0,10.0,500.0,0.0,236.19999999999996,24.861904761904764,2.804761904761905,18.5,36.93,25.77,211.61764876849162,8.14000034332275,1346.7880000000002,neg,0,0,0,0,0,0,0,1,0,0,0,0
0.0,20.0,10.0,2300.0,0.0,0.0,10.0,10.0,0.0,236.19999999999996,24.861904761904764,2.804761904761905,18.5,36.86,26.27,208.41035388764917,8.0600004196167,1346.7880000000002,neg,0,0,0,0,0,0,0,1,0,0,0,0
0.0,10.0,0.0,4875.0,0.0,0.0,10.0,0.0,0.0,241.0,25.995238095238093,2.833333333333333,35.0,36.5499992370605,28.3700008392334,202.300003051758,8.10000038146973,976.8380000000001,neg,0,0,0,0,0,0,0,1,0,0,0,0
10.0,30.0,10.0,2750.0,0.0,0.0,20.0,10.0,0.0,241.0,25.995238095238093,2.833333333333333,35.0,,,,,976.8380000000001,neg,0,0,0,0,0,0,0,1,0,0,0,0
0.0,30.0,0.0,2000.0,0.0,0.0,30.0,0.0,0.0,241.0,25.995238095238093,2.833333333333333,35.0,,,,,976.8380000000001,neg,0,0,0,0,0,0,0,1,0,0,0,0
0.0,60.0,0.0,5800.0,30.0,0.0,20.0,10.0,0.0,214.4,23.585714285714285,2.795238095238095,109.6,37.15,26.57,202.4299771178004,8.10000038146973,1237.295,neg,0,0,0,0,0,0,0,1,0,0,0,0
10.0,50.0,0.0,5500.0,10.0,0.0,10.0,20.0,0.0,214.4,23.585714285714285,2.795238095238095,109.6,37.19,26.24,209.7899065632115,8.09000015258789,1237.295,neg,0,0,0,0,0,0,0,1,0,0,0,0
10.0,40.0,0.0,3400.0,10.0,0.0,20.0,10.0,0.0,214.4,23.585714285714285,2.795238095238095,109.6,36.5499992370605,28.3700008392334,202.300003051758,8.10000038146973,1237.295,neg,0,0,0,0,0,0,0,1,0,0,0,0
20.0,40.0,0.0,13600.0,10.0,20.0,0.0,0.0,0.0,190.0,20.78095238095238,3.1380952380952385,46.5,37.15,26.57,202.4299771178004,8.10000038146973,1737.888,neg,0,0,0,0,0,0,0,0,1,0,0,0
0.0,10.0,20.0,22200.0,0.0,0.0,0.0,0.0,10.0,190.0,20.78095238095238,3.1380952380952385,46.5,37.19,26.24,209.7899065632115,8.09000015258789,1737.888,neg,0,0,0,0,0,0,0,0,1,0,0,0
0.0,30.0,0.0,6600.0,20.0,0.0,0.0,0.0,0.0,190.0,20.78095238095238,3.1380952380952385,46.5,36.9599990844727,26.5200004577637,200.350006103516,8.06999969482422,1737.888,neg,0,0,0,0,0,0,0,0,1,0,0,0
0.0,10.0,0.0,14200.0,0.0,0.0,0.0,0.0,0.0,195.0,20.057142857142857,3.4000000000000004,0.1,37.24,24.74,206.36554792815548,8.11999988555908,1641.9,neg,0,0,0,0,0,0,0,0,1,0,0,0
0.0,20.0,0.0,323600.0,10.0,0.0,0.0,10.0,0.0,195.0,20.057142857142857,3.4000000000000004,0.1,37.15,24.75,208.22128595090408,8.09000015258789,1641.9,neg,0,0,0,0,0,0,0,0,1,0,0,0
0.0,30.0,0.0,111200.0,20.0,10.0,0.0,0.0,0.0,195.0,20.057142857142857,3.4000000000000004,0.1,36.6399993896484,23.2600002288818,211.389999389648,8.0600004196167,1641.9,neg,0,0,0,0,0,0,0,0,1,0,0,0
0.0,0.0,0.0,105600.0,0.0,0.0,0.0,0.0,0.0,195.9,17.6,3.419047619047619,13.7,37.11,24.7,219.830001831055,8.10000038146973,1230.1080000000002,neg,0,0,0,0,0,0,0,0,0,1,0,0
0.0,30.0,0.0,56600.0,10.0,10.0,10.0,0.0,0.0,195.9,17.6,3.419047619047619,13.7,37.24,24.74,206.36554792815548,8.11999988555908,1230.1080000000002,neg,0,0,0,0,0,0,0,0,0,1,0,0
0.0,30.0,20.0,224000.0,0.0,0.0,0.0,30.0,0.0,195.9,17.6,3.419047619047619,13.7,37.15,24.75,208.22128595090408,8.09000015258789,1230.1080000000002,neg,0,0,0,0,0,0,0,0,0,1,0,0
0.0,10.0,0.0,300.0,0.0,0.0,0.0,0.0,10.0,147.8,15.738095238095237,3.066666666666667,39.0,37.09,24.89,210.10504116197268,8.10999965667725,1186.6160000000004,neg,0,0,0,0,0,0,0,0,0,1,0,0
10.0,50.0,0.0,20900.0,10.0,30.0,0.0,10.0,0.0,147.8,15.738095238095237,3.066666666666667,39.0,37.24,24.74,206.36554792815548,8.11999988555908,1186.6160000000004,neg,0,0,0,0,0,0,0,0,0,1,0,0
0.0,30.0,0.0,6600.0,20.0,0.0,0.0,0.0,10.0,147.8,15.738095238095237,3.066666666666667,39.0,37.15,24.75,208.22128595090408,8.09000015258789,1186.6160000000004,neg,0,0,0,0,0,0,0,0,0,1,0,0
0.0,40.0,0.0,55700.0,0.0,0.0,0.0,0.0,20.0,122.69999999999999,15.914285714285716,3.1428571428571423,27.4,37.16,20.04,214.01960442380113,8.18000030517578,1045.132,neg,0,0,0,0,0,0,0,0,0,1,0,0
0.0,40.0,0.0,13200.0,0.0,0.0,0.0,0.0,40.0,122.69999999999999,15.914285714285716,3.1428571428571423,27.4,37.6500015258789,21.6900005340576,215.440002441406,8.10000038146973,1045.132,neg,0,0,0,0,0,0,0,0,0,1,0,0
0.0,20.0,0.0,24500.0,0.0,0.0,0.0,0.0,20.0,122.69999999999999,15.914285714285716,3.1428571428571423,27.4,37.16,19.95,207.38795090790197,8.1899995803833,1045.132,neg,0,0,0,0,0,0,0,0,0,1,0,0
50.0,540.0,30.0,5100.0,190.0,60.0,10.0,20.0,260.0,51.699999999999996,15.32380952380952,3.019047619047619,106.19999999999997,37.25,20.28,214.53081659910086,8.19999980926514,5937.298,neg,0,0,0,0,0,0,0,0,0,0,1,0
10.0,20.0,0.0,5900.0,20.0,0.0,0.0,0.0,0.0,51.699999999999996,15.32380952380952,3.019047619047619,106.19999999999997,37.16,19.95,207.38795090790197,8.1899995803833,5937.298,neg,0,0,0,0,0,0,0,0,0,0,1,0
0.0,160.0,10.0,2100.0,10.0,10.0,10.0,20.0,100.0,51.699999999999996,15.32380952380952,3.019047619047619,106.19999999999997,37.16,20.04,214.01960442380113,8.18000030517578,5937.298,neg,0,0,0,0,0,0,0,0,0,0,1,0
0.0,20.0,0.0,8100.0,0.0,0.0,10.0,0.0,0.0,64.30000000000001,9.066666666666666,2.5952380952380953,47.0,37.3199996948242,17.9799995422363,222.330001831055,8.15999984741211,4865.6680000000015,neg,0,0,0,0,0,0,0,0,0,0,0,1
0.0,30.0,0.0,8400.0,0.0,10.0,0.0,0.0,20.0,64.30000000000001,9.066666666666666,2.5952380952380953,47.0,32.96,16.69,241.99580344833262,8.14000034332275,4865.6680000000015,neg,0,0,0,0,0,0,0,0,0,0,0,1
120.0,10.0,0.0,100.0,0.0,0.0,0.0,0.0,0.0,127.80000000000001,11.82857142857143,3.3619047619047615,75.5,,,,,1859.2169999999999,neg,0,0,0,1,0,0,0,0,0,0,0,0
100.0,0.0,30.0,500.0,0.0,0.0,0.0,0.0,0.0,134.0,13.061904761904762,3.076190476190477,88.3,37.92,12.33,259.3627416787031,8.1899995803833,2739.733,neg,0,0,0,1,0,0,0,0,0,0,0,0
190.0,30.0,0.0,500.0,0.0,10.0,0.0,10.0,0.0,134.0,13.061904761904762,3.076190476190477,88.3,38.09,12.34,263.48039215686276,8.1899995803833,2739.733,neg,0,0,0,1,0,0,0,0,0,0,0,0
220.0,10.0,30.0,300.0,0.0,0.0,10.0,0.0,0.0,134.0,13.061904761904762,3.076190476190477,88.3,38.01,12.39,259.8529463054755,8.14999961853027,2739.733,neg,0,0,0,1,0,0,0,0,0,0,0,0
320.0,50.0,10.0,800.0,0.0,0.0,0.0,40.0,0.0,102.0,13.166666666666666,3.5238095238095246,118.39999999999999,37.92,12.33,259.3627416787031,8.1899995803833,3998.0529999999994,neg,0,0,0,0,1,0,0,0,0,0,0,0
90.0,30.0,30.0,0.0,0.0,0.0,10.0,20.0,0.0,102.0,13.166666666666666,3.5238095238095246,118.39999999999999,38.09,12.34,263.48039215686276,8.1899995803833,3998.0529999999994,neg,0,0,0,0,1,0,0,0,0,0,0,0
240.0,40.0,0.0,200.0,0.0,10.0,10.0,10.0,0.0,102.0,13.166666666666666,3.5238095238095246,118.39999999999999,38.01,12.39,259.8529463054755,8.14999961853027,3998.0529999999994,neg,0,0,0,0,1,0,0,0,0,0,0,0
550.0,110.0,220.0,900.0,0.0,30.0,20.0,50.0,10.0,117.4,15.109523809523811,3.1142857142857148,145.2,37.3699989318848,14.3100004196167,249.389999389648,8.15999984741211,4881.874,neg,0,0,0,0,1,0,0,0,0,0,0,0
290.0,40.0,190.0,2000.0,0.0,0.0,0.0,40.0,0.0,117.4,15.109523809523811,3.1142857142857148,145.2,37.49,13.19,244.1526567902549,8.10999965667725,4881.874,neg,0,0,0,0,1,0,0,0,0,0,0,0
590.0,150.0,90.0,2000.0,0.0,10.0,10.0,130.0,0.0,117.4,15.109523809523811,3.1142857142857148,145.2,36.93,14.03,245.39915453486068,8.15999984741211,4881.874,neg,0,0,0,0,1,0,0,0,0,0,0,0
120.0,50.0,270.0,600.0,0.0,0.0,10.0,40.0,0.0,228.39999999999998,22.757142857142856,2.7952380952380955,1.3,,,,,4951.184,neg,0,0,0,0,0,1,0,0,0,0,0,0
120.0,40.0,110.0,1400.0,0.0,10.0,0.0,30.0,0.0,228.39999999999998,22.757142857142856,2.7952380952380955,1.3,30.0200004577637,21.9099998474121,262.170013427734,8.14999961853027,4951.184,neg,0,0,0,0,0,1,0,0,0,0,0,0
170.0,40.0,120.0,1100.0,0.0,10.0,0.0,30.0,0.0,228.39999999999998,22.757142857142856,2.7952380952380955,1.3,,,,,4951.184,neg,0,0,0,0,0,1,0,0,0,0,0,0
420.0,410.0,110.0,500.0,0.0,0.0,10.0,400.0,0.0,245.1,24.45714285714286,2.7714285714285714,8.8,36.59,21.8,245.03501657010435,8.17000007629395,3927.252,neg,0,0,0,0,0,1,0,0,0,0,0,0
70.0,10.0,10.0,800.0,0.0,0.0,0.0,10.0,0.0,245.1,24.45714285714286,2.7714285714285714,8.8,34.63,23.63,241.5966386554622,8.22000026702881,3927.252,neg,0,0,0,0,0,1,0,0,0,0,0,0
110.0,0.0,20.0,600.0,0.0,0.0,0.0,0.0,0.0,245.1,24.45714285714286,2.7714285714285714,8.8,30.0200004577637,21.9099998474121,262.170013427734,8.14999961853027,3927.252,neg,0,0,0,0,0,1,0,0,0,0,0,0
60.0,30.0,10.0,2500.0,0.0,0.0,20.0,10.0,0.0,261.1,25.509523809523806,2.6095238095238096,8.8,36.59,21.8,245.03501657010435,8.17000007629395,1897.3509999999997,neg,0,0,0,0,0,0,1,0,0,0,0,0
50.0,10.0,50.0,4400.0,10.0,0.0,0.0,0.0,0.0,261.1,25.509523809523806,2.6095238095238096,8.8,31.0599994659424,25.1800003051758,240.75,8.22000026702881,1897.3509999999997,neg,0,0,0,0,0,0,1,0,0,0,0,0
40.0,10.0,10.0,3900.0,0.0,0.0,0.0,10.0,0.0,261.1,25.509523809523806,2.6095238095238096,8.8,34.63,23.63,241.5966386554622,8.22000026702881,1897.3509999999997,neg,0,0,0,0,0,0,1,0,0,0,0,0
30.0,0.0,0.0,2700.0,0.0,0.0,0.0,0.0,0.0,238.59999999999997,24.114285714285714,3.038095238095239,57.79999999999999,36.59,21.8,245.03501657010435,8.17000007629395,1414.7939999999999,neg,0,0,0,0,0,0,1,0,0,0,0,0
40.0,0.0,20.0,3000.0,0.0,0.0,0.0,0.0,0.0,238.59999999999997,24.114285714285714,3.038095238095239,57.79999999999999,36.94,21.69,248.06023178314288,8.17000007629395,1414.7939999999999,neg,0,0,0,0,0,0,1,0,0,0,0,0
0.0,10.0,50.0,11900.0,0.0,0.0,0.0,0.0,0.0,238.59999999999997,24.114285714285714,3.038095238095239,57.79999999999999,34.63,23.63,241.5966386554622,8.22000026702881,1414.7939999999999,neg,0,0,0,0,0,0,1,0,0,0,0,0
10.0,10.0,0.0,1600.0,10.0,0.0,0.0,0.0,0.0,228.89999999999998,23.942857142857143,3.1238095238095234,40.5,37.4799995422363,23.6700000762939,216.820007324219,8.13000011444092,1251.6920000000002,neg,0,0,0,0,0,0,0,1,0,0,0,0
0.0,40.0,10.0,4200.0,30.0,0.0,0.0,10.0,0.0,228.89999999999998,23.942857142857143,3.1238095238095234,40.5,37.12,24.24,212.57001946286343,8.18000030517578,1251.6920000000002,neg,0,0,0,0,0,0,0,1,0,0,0,0
20.0,20.0,0.0,2400.0,10.0,0.0,10.0,0.0,0.0,228.89999999999998,23.942857142857143,3.1238095238095234,40.5,36.82,25.13,203.69047277114007,8.18000030517578,1251.6920000000002,neg,0,0,0,0,0,0,0,1,0,0,0,0
0.0,20.0,0.0,1875.0,10.0,0.0,0.0,0.0,0.0,236.4,23.990476190476194,3.1619047619047613,28.1,35.9799995422363,27.3999996185303,205.960006713867,8.19999980926514,1255.9470000000001,neg,0,0,0,0,0,0,0,1,0,0,0,0
0.0,10.0,0.0,4125.0,10.0,0.0,0.0,0.0,0.0,236.4,23.990476190476194,3.1619047619047613,28.1,,,,,1255.9470000000001,neg,0,0,0,0,0,0,0,1,0,0,0,0
10.0,20.0,0.0,1300.0,0.0,0.0,0.0,20.0,0.0,236.4,23.990476190476194,3.1619047619047613,28.1,,,,,1255.9470000000001,neg,0,0,0,0,0,0,0,1,0,0,0,0
0.0,30.0,10.0,6100.0,10.0,10.0,0.0,10.0,0.0,198.39999999999998,24.328571428571426,3.0142857142857147,7.1,37.08,27.14,194.61484850287744,8.14999961853027,1083.577,neg,0,0,0,0,0,0,0,0,1,0,0,0
0.0,30.0,0.0,5100.0,10.0,0.0,20.0,0.0,0.0,198.39999999999998,24.328571428571426,3.0142857142857147,7.1,37.310001373291,25.9500007629395,198.380004882813,8.10000038146973,1083.577,neg,0,0,0,0,0,0,0,0,1,0,0,0
20.0,320.0,30.0,15400.0,20.0,260.0,20.0,0.0,20.0,198.39999999999998,24.328571428571426,3.0142857142857147,7.1,37.67,26.15,199.28570488253925,8.13000011444092,1083.577,neg,0,0,0,0,0,0,0,0,1,0,0,0
0.0,210.0,0.0,3300.0,0.0,160.0,30.0,0.0,20.0,187.50000000000003,21.047619047619047,3.104761904761905,72.60000000000001,37.310001373291,25.9500007629395,198.380004882813,8.10000038146973,1173.935,neg,0,0,0,0,0,0,0,0,1,0,0,0
0.0,60.0,0.0,3700.0,0.0,20.0,20.0,20.0,0.0,187.50000000000003,21.047619047619047,3.104761904761905,72.60000000000001,37.08,27.14,194.61484850287744,8.14999961853027,1173.935,neg,0,0,0,0,0,0,0,0,1,0,0,0
10.0,460.0,10.0,4700.0,20.0,330.0,0.0,0.0,110.0,187.50000000000003,21.047619047619047,3.104761904761905,72.60000000000001,37.67,26.15,199.28570488253925,8.13000011444092,1173.935,neg,0,0,0,0,0,0,0,0,1,0,0,0
0.0,20.0,10.0,5200.0,0.0,10.0,10.0,0.0,0.0,152.60000000000002,17.876190476190477,3.057142857142858,107.2,37.67,26.15,199.28570488253925,8.13000011444092,1215.9579999999999,neg,0,0,0,0,0,0,0,0,1,0,0,0
0.0,210.0,20.0,11200.0,0.0,160.0,10.0,0.0,40.0,152.60000000000002,17.876190476190477,3.057142857142858,107.2,37.08,27.14,194.61484850287744,8.14999961853027,1215.9579999999999,neg,0,0,0,0,0,0,0,0,1,0,0,0
20.0,140.0,0.0,12200.0,10.0,70.0,10.0,10.0,10.0,152.60000000000002,17.876190476190477,3.057142857142858,107.2,37.03,26.92,195.53922337978153,8.14000034332275,1215.9579999999999,neg,0,0,0,0,0,0,0,0,1,0,0,0
0.0,40.0,0.0,201000.0,40.0,0.0,0.0,0.0,0.0,138.50000000000003,15.63809523809524,2.985714285714286,18.5,37.5,19.91,206.91877520050983,8.1899995803833,1428.2500000000002,neg,0,0,0,0,0,0,0,0,0,1,0,0
0.0,110.0,0.0,21000.0,0.0,80.0,10.0,0.0,0.0,138.50000000000003,15.63809523809524,2.985714285714286,18.5,37.45,20.04,207.36694335937537,8.15999984741211,1428.2500000000002,neg,0,0,0,0,0,0,0,0,0,1,0,0
0.0,240.0,10.0,73600.0,0.0,160.0,30.0,0.0,0.0,138.50000000000003,15.63809523809524,2.985714285714286,18.5,37.6300010681152,20.1200008392334,209.960006713867,8.14999961853027,1428.2500000000002,neg,0,0,0,0,0,0,0,0,0,1,0,0
30.0,40.0,0.0,4300.0,0.0,30.0,10.0,0.0,0.0,44.7,12.5,3.0428571428571427,266.3,,,,,10055.3,neg,0,0,0,0,0,0,0,0,0,0,1,0
0.0,40.0,0.0,4600.0,0.0,30.0,10.0,0.0,0.0,44.7,12.5,3.0428571428571427,266.3,37.57,19.65,213.759994506836,8.18000030517578,10055.3,neg,0,0,0,0,0,0,0,0,0,0,1,0
0.0,0.0,0.0,3400.0,0.0,0.0,0.0,0.0,0.0,44.7,12.5,3.0428571428571427,266.3,,,,,10055.3,neg,0,0,0,0,0,0,0,0,0,0,1,0
20.0,20.0,0.0,1100.0,0.0,20.0,0.0,0.0,0.0,56.5,11.480952380952381,2.8333333333333335,107.9,34.72,16.58,212.50699681728153,8.17000007629395,12458.008999999998,neg,0,0,0,0,0,0,0,0,0,0,0,1
10.0,30.0,0.0,1600.0,0.0,20.0,10.0,0.0,0.0,56.5,11.480952380952381,2.8333333333333335,107.9,36.54,16.48,217.9902020622703,8.17000007629395,12458.008999999998,neg,0,0,0,0,0,0,0,0,0,0,0,1
30.0,10.0,0.0,2500.0,0.0,0.0,10.0,0.0,0.0,56.5,11.480952380952381,2.8333333333333335,107.9,36.69,16.71,212.57702910265687,8.19999980926514,12458.008999999998,neg,0,0,0,0,0,0,0,0,0,0,0,1
0.0,0.0,0.0,300.0,0.0,0.0,0.0,0.0,0.0,64.3,8.547619047619046,2.4666666666666663,81.1,36.69,16.71,212.57702910265687,8.19999980926514,8264.098,neg,0,0,0,0,0,0,0,0,0,0,0,1
0.0,20.0,0.0,2500.0,0.0,10.0,0.0,10.0,0.0,64.3,8.547619047619046,2.4666666666666663,81.1,34.72,16.58,212.50699681728153,8.17000007629395,8264.098,neg,0,0,0,0,0,0,0,0,0,0,0,1
0.0,0.0,0.0,2100.0,0.0,0.0,0.0,0.0,0.0,64.3,8.547619047619046,2.4666666666666663,81.1,36.54,16.48,217.9902020622703,8.17000007629395,8264.098,neg,0,0,0,0,0,0,0,0,0,0,0,1
